[1] "Convergence check with the Rubin-Gelman diagnostic"
[1] "All chains converged."
[1] "Convergence check with the acf diagnostic"
[1] "All chains converged."
[1] "This is the mean correlation matrix of the last 10000 iterations"
      [,1] [,2] [,3]   [,4]   [,5]   [,6] [,7]   [,8] [,9]  [,10]
 [1,]    1   NA   NA     NA     NA     NA   NA     NA   NA     NA
 [2,]   NA    1   NA     NA     NA     NA   NA     NA   NA     NA
 [3,]   NA   NA    1     NA     NA     NA   NA     NA   NA     NA
 [4,]   NA   NA   NA  1.000  0.445 -0.046   NA -0.410   NA  0.745
 [5,]   NA   NA   NA  0.445  1.000 -0.498   NA -0.834   NA  0.539
 [6,]   NA   NA   NA -0.046 -0.498  1.000   NA  0.554   NA -0.024
 [7,]   NA   NA   NA     NA     NA     NA    1     NA   NA     NA
 [8,]   NA   NA   NA -0.410 -0.834  0.554   NA  1.000   NA -0.389
 [9,]   NA   NA   NA     NA     NA     NA   NA     NA    1     NA
[10,]   NA   NA   NA  0.745  0.539 -0.024   NA -0.389   NA  1.000
[1] "This is the mean correlation matrix of the chosen samples, adjusted for autocorretion"
        V1     V2     V3     V4     V5     V6     V7     V8     V9    V10
V1   1.000  0.265  0.258 -0.423 -0.345 -0.062 -0.079  0.234  0.108 -0.330
V2   0.265  1.000  0.270 -0.394 -0.060 -0.363  0.200 -0.045  0.061 -0.332
V3   0.258  0.270  1.000 -0.318 -0.314 -0.177 -0.009  0.183  0.097 -0.287
V4  -0.423 -0.394 -0.318  1.000  0.220  0.181  0.011 -0.128 -0.291  0.254
V5  -0.345 -0.060 -0.314  0.220  1.000 -0.145  0.400 -0.666 -0.242  0.152
V6  -0.062 -0.363 -0.177  0.181 -0.145  1.000 -0.577  0.300 -0.109  0.131
V7  -0.079  0.200 -0.009  0.011  0.400 -0.577  1.000 -0.593 -0.158 -0.020
V8   0.234 -0.045  0.183 -0.128 -0.666  0.300 -0.593  1.000  0.201 -0.080
V9   0.108  0.061  0.097 -0.291 -0.242 -0.109 -0.158  0.201  1.000 -0.049
V10 -0.330 -0.332 -0.287  0.254  0.152  0.131 -0.020 -0.080 -0.049  1.000
[1] "The counts generated in the last step look as follows:"
      [,1] [,2] [,3] [,4] [,5] [,6]
 [1,]    1    0    4    1    5    2
 [2,]    1    0    3    1    2    0
 [3,]    0    0    0    0    1    0
 [4,]   16   20   12   20   10   15
 [5,]   21   13   10   11    4   11
 [6,]    7   10    6   15   11   10
 [7,]   11   11    8    5    5   10
 [8,]    0    4    3    7   14    3
 [9,]    0    1    0    0    0    0
[10,]   19   23   10   20   11   13
[1] "The data was created with a eta of"
 [1] 3 3 3 3 3 3 3 3 3 3
[1] "The data was created with the following theta matrix:"
        [,1]   [,2]   [,3]   [,4]   [,5]   [,6]   [,7]   [,8]   [,9]  [,10]
 [1,]  0.000  0.000 -0.051 -0.082 -0.058  0.000  0.000  0.000 -0.083 -0.056
 [2,]  0.000  0.000  0.000 -0.076  0.000 -0.083  0.000  0.000 -0.088 -0.055
 [3,] -0.051  0.000  0.000 -0.063 -0.096 -0.053  0.000  0.000 -0.083 -0.059
 [4,] -0.082 -0.076 -0.063  0.000  0.000  0.000  0.000  0.000 -0.087  0.000
 [5,] -0.058  0.000 -0.096  0.000  0.000  0.000  0.000 -0.077 -0.051  0.000
 [6,]  0.000 -0.083 -0.053  0.000  0.000  0.000 -0.060  0.000 -0.088  0.000
 [7,]  0.000  0.000  0.000  0.000  0.000 -0.060  0.000 -0.090 -0.084  0.000
 [8,]  0.000  0.000  0.000  0.000 -0.077  0.000 -0.090  0.000  0.000  0.000
 [9,] -0.083 -0.088 -0.083 -0.087 -0.051 -0.088 -0.084  0.000  0.000  0.000
[10,] -0.056 -0.055 -0.059  0.000  0.000  0.000  0.000  0.000  0.000  0.000
[1] "The mean effective sample size is"
[1] 34304.7
[1] "The mean effective sample size without burnin is"
[1] 17226.45
