[1] "Convergence check with the Rubin-Gelman diagnostic"
[1] "All chains converged."
[1] "Convergence check with the acf diagnostic"
[1] "Chains that did not converge: X_3 chain 4 did not converge, the last acf value, lag 37 is 0.0550857450894519 and should be smaller than 0.05"
[1] "This is the mean correlation matrix of the chosen samples, adjusted for autocorretion"
        V1     V2     V3     V4     V5     V6     V7     V8     V9    V10
V1   1.000 -0.019  0.092 -0.051  0.063 -0.078  0.022 -0.073  0.106 -0.061
V2  -0.019  1.000 -0.060  0.070  0.151 -0.112 -0.195 -0.152  0.041 -0.152
V3   0.092 -0.060  1.000  0.026  0.055 -0.221 -0.125 -0.048 -0.049  0.053
V4  -0.051  0.070  0.026  1.000  0.014  0.064 -0.090 -0.188 -0.120  0.018
V5   0.063  0.151  0.055  0.014  1.000 -0.064 -0.182 -0.046  0.187 -0.338
V6  -0.078 -0.112 -0.221  0.064 -0.064  1.000  0.064  0.011 -0.137  0.042
V7   0.022 -0.195 -0.125 -0.090 -0.182  0.064  1.000  0.130 -0.072 -0.013
V8  -0.073 -0.152 -0.048 -0.188 -0.046  0.011  0.130  1.000 -0.048  0.062
V9   0.106  0.041 -0.049 -0.120  0.187 -0.137 -0.072 -0.048  1.000 -0.241
V10 -0.061 -0.152  0.053  0.018 -0.338  0.042 -0.013  0.062 -0.241  1.000
V11  0.077  0.066 -0.002 -0.089 -0.021 -0.152 -0.052  0.107 -0.015  0.055
V12 -0.063  0.006 -0.146  0.047 -0.188  0.046 -0.060 -0.098 -0.173  0.127
V13 -0.147 -0.123 -0.234 -0.184 -0.126 -0.027  0.135  0.039  0.000 -0.030
V14 -0.082 -0.061  0.034 -0.059  0.181  0.030 -0.011 -0.012  0.141 -0.209
V15 -0.114 -0.112 -0.129  0.052 -0.321 -0.057  0.134  0.099 -0.130  0.184
V16 -0.055  0.061  0.051  0.047  0.215 -0.112 -0.110 -0.089  0.094 -0.246
V17 -0.010  0.042  0.038 -0.262 -0.002 -0.099 -0.041  0.039 -0.111  0.007
V18 -0.095 -0.049  0.051  0.022 -0.229 -0.076 -0.062 -0.134 -0.059  0.138
V19 -0.031  0.065 -0.022  0.079  0.037 -0.102 -0.050 -0.131  0.080 -0.186
V20 -0.090 -0.129 -0.080 -0.095 -0.036  0.123 -0.016 -0.126 -0.122  0.092
       V11    V12    V13    V14    V15    V16    V17    V18    V19    V20
V1   0.077 -0.063 -0.147 -0.082 -0.114 -0.055 -0.010 -0.095 -0.031 -0.090
V2   0.066  0.006 -0.123 -0.061 -0.112  0.061  0.042 -0.049  0.065 -0.129
V3  -0.002 -0.146 -0.234  0.034 -0.129  0.051  0.038  0.051 -0.022 -0.080
V4  -0.089  0.047 -0.184 -0.059  0.052  0.047 -0.262  0.022  0.079 -0.095
V5  -0.021 -0.188 -0.126  0.181 -0.321  0.215 -0.002 -0.229  0.037 -0.036
V6  -0.152  0.046 -0.027  0.030 -0.057 -0.112 -0.099 -0.076 -0.102  0.123
V7  -0.052 -0.060  0.135 -0.011  0.134 -0.110 -0.041 -0.062 -0.050 -0.016
V8   0.107 -0.098  0.039 -0.012  0.099 -0.089  0.039 -0.134 -0.131 -0.126
V9  -0.015 -0.173  0.000  0.141 -0.130  0.094 -0.111 -0.059  0.080 -0.122
V10  0.055  0.127 -0.030 -0.209  0.184 -0.246  0.007  0.138 -0.186  0.092
V11  1.000 -0.037 -0.177 -0.095  0.062 -0.047  0.094 -0.156 -0.016 -0.129
V12 -0.037  1.000  0.074 -0.202  0.124 -0.174 -0.106  0.127 -0.131  0.016
V13 -0.177  0.074  1.000 -0.112  0.097 -0.145  0.068  0.035  0.006  0.105
V14 -0.095 -0.202 -0.112  1.000 -0.234  0.147 -0.011 -0.093 -0.047  0.094
V15  0.062  0.124  0.097 -0.234  1.000 -0.157 -0.163  0.038 -0.003 -0.058
V16 -0.047 -0.174 -0.145  0.147 -0.157  1.000 -0.093 -0.077  0.095 -0.083
V17  0.094 -0.106  0.068 -0.011 -0.163 -0.093  1.000  0.010 -0.059 -0.028
V18 -0.156  0.127  0.035 -0.093  0.038 -0.077  0.010  1.000 -0.086  0.004
V19 -0.016 -0.131  0.006 -0.047 -0.003  0.095 -0.059 -0.086  1.000 -0.105
V20 -0.129  0.016  0.105  0.094 -0.058 -0.083 -0.028  0.004 -0.105  1.000
[1] "The counts generated in the last step look as follows:"
      [,1] [,2] [,3] [,4] [,5] [,6]
 [1,]    0    5    1    2    4    4
 [2,]    6    7    6    4    5    6
 [3,]    3    4    5    6    4    4
 [4,]    5    3    6    3    1    5
 [5,]   11    5    2    3    7    4
 [6,]    9    2    6    4    2    6
 [7,]    5    2    1    6    6    2
 [8,]    5    1    5    5    6    5
 [9,]    3    1    2    1    1    2
[10,]   11   11   11    8    9    9
[11,]    3    2    6    3    5    7
[12,]   11    3    3    1    5    4
[13,]    5    5    7    4    4    7
[14,]    3    2    5    1    2    0
[15,]    7    6   11   11    6    5
[16,]    2    3    3    3    3    2
[17,]    7   10    9    4    5    6
[18,]    4    5    6    3    1    3
[19,]    0    3    1    3    3    2
[20,]    3    9    6    1    5    4
[1] "The data was created with a eta of"
 [1] 3 3 3 3 3 3 3 3 3 3 3 3 3 3 3 3 3 3 3 3
[1] "The data was created with the following theta matrix:"
        [,1]   [,2]   [,3]   [,4]   [,5]   [,6]   [,7]   [,8]   [,9]  [,10]
 [1,]  0.000 -0.037  0.000 -0.034  0.000 -0.044  0.000 -0.042  0.000 -0.026
 [2,] -0.037  0.000 -0.041  0.000  0.000 -0.036 -0.038 -0.043 -0.012 -0.016
 [3,]  0.000 -0.041  0.000  0.000 -0.010 -0.048 -0.020 -0.032 -0.048  0.000
 [4,] -0.034  0.000  0.000  0.000  0.000  0.000 -0.026 -0.038 -0.040  0.000
 [5,]  0.000  0.000 -0.010  0.000  0.000 -0.013 -0.036  0.000  0.000 -0.040
 [6,] -0.044 -0.036 -0.048  0.000 -0.013  0.000 -0.015  0.000 -0.021 -0.013
 [7,]  0.000 -0.038 -0.020 -0.026 -0.036 -0.015  0.000  0.000 -0.038 -0.023
 [8,] -0.042 -0.043 -0.032 -0.038  0.000  0.000  0.000  0.000 -0.031  0.000
 [9,]  0.000 -0.012 -0.048 -0.040  0.000 -0.021 -0.038 -0.031  0.000 -0.038
[10,] -0.026 -0.016  0.000  0.000 -0.040 -0.013 -0.023  0.000 -0.038  0.000
[11,]  0.000  0.000 -0.022 -0.025 -0.016 -0.033 -0.026  0.000  0.000  0.000
[12,] -0.023 -0.016 -0.042  0.000 -0.013  0.000 -0.040 -0.030 -0.035  0.000
[13,] -0.030 -0.020 -0.048 -0.034 -0.023 -0.013  0.000 -0.010 -0.010 -0.015
[14,] -0.046 -0.035  0.000 -0.028  0.000  0.000 -0.023 -0.029  0.000 -0.029
[15,] -0.037 -0.031 -0.032  0.000 -0.041 -0.025  0.000  0.000 -0.038  0.000
[16,] -0.048 -0.028 -0.020  0.000  0.000 -0.037 -0.048 -0.028 -0.013 -0.045
[17,] -0.031  0.000  0.000 -0.047  0.000 -0.025 -0.025 -0.014 -0.032  0.000
[18,] -0.049 -0.026  0.000 -0.015 -0.048 -0.038 -0.046 -0.042 -0.031  0.000
[19,] -0.042 -0.011 -0.038 -0.015 -0.024 -0.041 -0.047 -0.039 -0.015 -0.049
[20,] -0.038 -0.038 -0.028 -0.035 -0.018  0.000 -0.029 -0.046 -0.045  0.000
       [,11]  [,12]  [,13]  [,14]  [,15]  [,16]  [,17]  [,18]  [,19]  [,20]
 [1,]  0.000 -0.023 -0.030 -0.046 -0.037 -0.048 -0.031 -0.049 -0.042 -0.038
 [2,]  0.000 -0.016 -0.020 -0.035 -0.031 -0.028  0.000 -0.026 -0.011 -0.038
 [3,] -0.022 -0.042 -0.048  0.000 -0.032 -0.020  0.000  0.000 -0.038 -0.028
 [4,] -0.025  0.000 -0.034 -0.028  0.000  0.000 -0.047 -0.015 -0.015 -0.035
 [5,] -0.016 -0.013 -0.023  0.000 -0.041  0.000  0.000 -0.048 -0.024 -0.018
 [6,] -0.033  0.000 -0.013  0.000 -0.025 -0.037 -0.025 -0.038 -0.041  0.000
 [7,] -0.026 -0.040  0.000 -0.023  0.000 -0.048 -0.025 -0.046 -0.047 -0.029
 [8,]  0.000 -0.030 -0.010 -0.029  0.000 -0.028 -0.014 -0.042 -0.039 -0.046
 [9,]  0.000 -0.035 -0.010  0.000 -0.038 -0.013 -0.032 -0.031 -0.015 -0.045
[10,]  0.000  0.000 -0.015 -0.029  0.000 -0.045  0.000  0.000 -0.049  0.000
[11,]  0.000 -0.017 -0.043 -0.038  0.000 -0.022  0.000 -0.045 -0.017 -0.030
[12,] -0.017  0.000  0.000 -0.044  0.000 -0.036 -0.024  0.000 -0.041 -0.020
[13,] -0.043  0.000  0.000 -0.025  0.000 -0.033  0.000 -0.017  0.000  0.000
[14,] -0.038 -0.044 -0.025  0.000 -0.043  0.000 -0.013 -0.033 -0.048  0.000
[15,]  0.000  0.000  0.000 -0.043  0.000 -0.027 -0.025 -0.014 -0.014 -0.011
[16,] -0.022 -0.036 -0.033  0.000 -0.027  0.000 -0.036 -0.018  0.000 -0.023
[17,]  0.000 -0.024  0.000 -0.013 -0.025 -0.036  0.000 -0.017 -0.019 -0.014
[18,] -0.045  0.000 -0.017 -0.033 -0.014 -0.018 -0.017  0.000 -0.025 -0.012
[19,] -0.017 -0.041  0.000 -0.048 -0.014  0.000 -0.019 -0.025  0.000 -0.036
[20,] -0.030 -0.020  0.000  0.000 -0.011 -0.023 -0.014 -0.012 -0.036  0.000
[1] "The mean effective sample size is"
[1] 6963.589
[1] "The mean effective sample size without burnin is"
[1] 3495.74
