[1] "Convergence check with the Rubin-Gelman diagnostic"
[1] "All chains converged."
[1] "Convergence check with the acf diagnostic"
[1] "Chains that did not converge: X_10 chain 3 did not converge, the last acf value, lag 31 is 0.0593104473977112 and should be smaller than 0.05"
[1] "This is the mean covariance matrix of the last 1000 iterations"
               [,1]         [,2]        [,3]        [,4]       [,5]        [,6]
 [1,]  0.4922895405 -0.004702887  0.05182890 -0.24849971 -0.1569066 -0.03408699
 [2,] -0.0047028873  1.819227996  0.07554279 -0.71745326  0.3621833 -0.38983731
 [3,]  0.0518289020  0.075542793  0.91119428 -0.21757061  0.1966257 -0.32624019
 [4,] -0.2484997054 -0.717453260 -0.21757061  1.30268459 -0.3034424  0.02105913
 [5,] -0.1569066145  0.362183347  0.19662574 -0.30344239  1.5148388  0.12815651
 [6,] -0.0340869912 -0.389837308 -0.32624019  0.02105913  0.1281565  1.38204664
 [7,] -0.2085132068  0.124873420 -0.11674805  0.17586189 -0.3625214  0.47901540
 [8,]  0.1234299429 -0.017052667 -0.07775380 -0.50737710  0.3443264  0.25280469
 [9,]  0.1348348063 -0.058979665  0.41771091 -0.34859519 -0.0604097  0.09853152
[10,]  0.0009355731 -1.067621646 -0.34208372  0.55415201 -1.0533690 -0.04965090
             [,7]        [,8]        [,9]         [,10]
 [1,] -0.20851321  0.12342994  0.13483481  0.0009355731
 [2,]  0.12487342 -0.01705267 -0.05897966 -1.0676216457
 [3,] -0.11674805 -0.07775380  0.41771091 -0.3420837224
 [4,]  0.17586189 -0.50737710 -0.34859519  0.5541520053
 [5,] -0.36252138  0.34432639 -0.06040970 -1.0533689737
 [6,]  0.47901540  0.25280469  0.09853152 -0.0496508991
 [7,]  2.36469662  0.09983599 -0.06226104  0.0184900913
 [8,]  0.09983599  1.37817717 -0.13305214  0.0441166666
 [9,] -0.06226104 -0.13305214  0.85259293  0.0969635512
[10,]  0.01849009  0.04411667  0.09696355  2.3801954247
[1] "The data was created with a eta of"
 [1] 1 1 1 1 1 1 1 1 1 1
