[1] "Convergence check with the Rubin-Gelman diagnostic"
[1] "All chains converged."
[1] "Convergence check with the acf diagnostic"
[1] "All chains converged."
[1] "This is the mean correlation matrix of the last 10000 iterations"
[1] "This is the mean correlation matrix of the chosen samples, adjusted for autocorretion"
[1] "The counts generated in the last step look as follows:"
      [,1] [,2] [,3] [,4] [,5] [,6]
 [1,]   14   13   10   18   12   22
 [2,]   15   12   15   12   16   15
 [3,]   19   12   18   13   14   17
 [4,]   16   14   24   21   18   22
 [5,]   20   11   12   12   11   17
 [6,]   15   15   13   18    8   15
 [7,]   12   19    8   22   15   17
 [8,]   16   21   12   22   17   15
 [9,]   12   14   19   10   17    8
[10,]   24   22   22   12   27   29
[11,]   12   14   15   14   21   12
[12,]   18   21   19   19   18   22
[13,]   17   21   19   23   20   23
[14,]    9    6   10   22    8   14
[15,]   17   14   13   18   16    9
[16,]   15   14    3   13    6    7
[17,]   20   14   15   15   21   23
[18,]    7   23   19    9   17    7
[19,]   22   18   18   22   16   19
[20,]   12   12   10   12   10   12
[21,]    7    8   16    8    9   10
[22,]   18   21   19   14   11    8
[23,]   18   19   21   14   20   25
[24,]   12   20   23   17   12   23
[25,]   15    9    7   10    9    5
[1] "The data was created with a eta of"
 [1] 5 5 5 5 5 5 5 5 5 5 5 5 5 5 5 5 5 5 5 5 5 5 5 5 5
[1] "The data was created with the following theta matrix:"
        [,1]   [,2]   [,3]   [,4]   [,5]   [,6]   [,7]   [,8]   [,9]  [,10]
 [1,]  0.000 -0.006 -0.010 -0.006 -0.008 -0.005 -0.008  0.000 -0.010 -0.007
 [2,] -0.006  0.000 -0.008 -0.009 -0.006 -0.009 -0.008  0.000 -0.006 -0.006
 [3,] -0.010 -0.008  0.000 -0.010  0.000 -0.008 -0.009 -0.008 -0.009  0.000
 [4,] -0.006 -0.009 -0.010  0.000 -0.009 -0.009 -0.006 -0.008 -0.007 -0.006
 [5,] -0.008 -0.006  0.000 -0.009  0.000 -0.005  0.000 -0.006 -0.006 -0.005
 [6,] -0.005 -0.009 -0.008 -0.009 -0.005  0.000 -0.005 -0.008 -0.005  0.000
 [7,] -0.008 -0.008 -0.009 -0.006  0.000 -0.005  0.000 -0.006 -0.006 -0.007
 [8,]  0.000  0.000 -0.008 -0.008 -0.006 -0.008 -0.006  0.000 -0.008 -0.006
 [9,] -0.010 -0.006 -0.009 -0.007 -0.006 -0.005 -0.006 -0.008  0.000  0.000
[10,] -0.007 -0.006  0.000 -0.006 -0.005  0.000 -0.007 -0.006  0.000  0.000
[11,] -0.005 -0.008 -0.007  0.000 -0.006 -0.006 -0.010 -0.009  0.000 -0.006
[12,] -0.009  0.000 -0.008  0.000 -0.005 -0.009  0.000 -0.009 -0.009  0.000
[13,]  0.000 -0.009 -0.008  0.000 -0.008 -0.006 -0.008 -0.009 -0.009 -0.007
[14,]  0.000 -0.010 -0.008 -0.009 -0.009 -0.006 -0.006 -0.008 -0.008 -0.008
[15,] -0.006  0.000  0.000  0.000 -0.008 -0.007 -0.009 -0.009 -0.010 -0.009
[16,] -0.009 -0.009 -0.009 -0.009  0.000 -0.007 -0.006  0.000 -0.005 -0.010
[17,] -0.008 -0.006  0.000 -0.007 -0.006 -0.006 -0.010 -0.008 -0.008 -0.007
[18,] -0.005  0.000 -0.007  0.000 -0.008 -0.008 -0.009 -0.008 -0.009 -0.008
[19,]  0.000 -0.010 -0.006 -0.007 -0.009  0.000 -0.006 -0.005 -0.008 -0.006
[20,] -0.008 -0.008 -0.006 -0.008 -0.009 -0.009  0.000  0.000 -0.008 -0.009
[21,] -0.009 -0.006 -0.007 -0.009 -0.008 -0.010 -0.005  0.000 -0.006 -0.006
[22,] -0.008  0.000  0.000 -0.006 -0.009 -0.010 -0.005 -0.008  0.000 -0.008
[23,] -0.009 -0.008 -0.007 -0.010 -0.006  0.000 -0.005  0.000 -0.005  0.000
[24,] -0.006 -0.006 -0.007  0.000 -0.009 -0.009 -0.007 -0.008 -0.007 -0.007
[25,] -0.009 -0.008 -0.009 -0.008 -0.005 -0.010 -0.008 -0.009 -0.008 -0.009
       [,11]  [,12]  [,13]  [,14]  [,15]  [,16]  [,17]  [,18]  [,19]  [,20]
 [1,] -0.005 -0.009  0.000  0.000 -0.006 -0.009 -0.008 -0.005  0.000 -0.008
 [2,] -0.008  0.000 -0.009 -0.010  0.000 -0.009 -0.006  0.000 -0.010 -0.008
 [3,] -0.007 -0.008 -0.008 -0.008  0.000 -0.009  0.000 -0.007 -0.006 -0.006
 [4,]  0.000  0.000  0.000 -0.009  0.000 -0.009 -0.007  0.000 -0.007 -0.008
 [5,] -0.006 -0.005 -0.008 -0.009 -0.008  0.000 -0.006 -0.008 -0.009 -0.009
 [6,] -0.006 -0.009 -0.006 -0.006 -0.007 -0.007 -0.006 -0.008  0.000 -0.009
 [7,] -0.010  0.000 -0.008 -0.006 -0.009 -0.006 -0.010 -0.009 -0.006  0.000
 [8,] -0.009 -0.009 -0.009 -0.008 -0.009  0.000 -0.008 -0.008 -0.005  0.000
 [9,]  0.000 -0.009 -0.009 -0.008 -0.010 -0.005 -0.008 -0.009 -0.008 -0.008
[10,] -0.006  0.000 -0.007 -0.008 -0.009 -0.010 -0.007 -0.008 -0.006 -0.009
[11,]  0.000 -0.008  0.000 -0.008 -0.008 -0.005 -0.005 -0.010 -0.006 -0.006
[12,] -0.008  0.000  0.000 -0.006 -0.009 -0.007 -0.010 -0.005  0.000 -0.006
[13,]  0.000  0.000  0.000 -0.006  0.000 -0.008 -0.009 -0.007 -0.009 -0.008
[14,] -0.008 -0.006 -0.006  0.000 -0.008 -0.006 -0.006 -0.008 -0.006 -0.005
[15,] -0.008 -0.009  0.000 -0.008  0.000 -0.005 -0.008 -0.006 -0.008 -0.007
[16,] -0.005 -0.007 -0.008 -0.006 -0.005  0.000 -0.010 -0.010 -0.006 -0.006
[17,] -0.005 -0.010 -0.009 -0.006 -0.008 -0.010  0.000 -0.005  0.000 -0.007
[18,] -0.010 -0.005 -0.007 -0.008 -0.006 -0.010 -0.005  0.000  0.000 -0.006
[19,] -0.006  0.000 -0.009 -0.006 -0.008 -0.006  0.000  0.000  0.000 -0.007
[20,] -0.006 -0.006 -0.008 -0.005 -0.007 -0.006 -0.007 -0.006 -0.007  0.000
[21,] -0.007 -0.007  0.000 -0.007 -0.005 -0.008 -0.009 -0.008 -0.008 -0.009
[22,] -0.006 -0.006 -0.007  0.000 -0.006 -0.008 -0.007 -0.007 -0.008 -0.008
[23,] -0.009 -0.007  0.000 -0.005 -0.007 -0.009  0.000 -0.008 -0.009 -0.009
[24,] -0.009 -0.008 -0.006 -0.007 -0.006 -0.007 -0.007  0.000  0.000  0.000
[25,] -0.006 -0.008 -0.010 -0.008 -0.008 -0.009 -0.005 -0.009 -0.008 -0.010
       [,21]  [,22]  [,23]  [,24]  [,25]
 [1,] -0.009 -0.008 -0.009 -0.006 -0.009
 [2,] -0.006  0.000 -0.008 -0.006 -0.008
 [3,] -0.007  0.000 -0.007 -0.007 -0.009
 [4,] -0.009 -0.006 -0.010  0.000 -0.008
 [5,] -0.008 -0.009 -0.006 -0.009 -0.005
 [6,] -0.010 -0.010  0.000 -0.009 -0.010
 [7,] -0.005 -0.005 -0.005 -0.007 -0.008
 [8,]  0.000 -0.008  0.000 -0.008 -0.009
 [9,] -0.006  0.000 -0.005 -0.007 -0.008
[10,] -0.006 -0.008  0.000 -0.007 -0.009
[11,] -0.007 -0.006 -0.009 -0.009 -0.006
[12,] -0.007 -0.006 -0.007 -0.008 -0.008
[13,]  0.000 -0.007  0.000 -0.006 -0.010
[14,] -0.007  0.000 -0.005 -0.007 -0.008
[15,] -0.005 -0.006 -0.007 -0.006 -0.008
[16,] -0.008 -0.008 -0.009 -0.007 -0.009
[17,] -0.009 -0.007  0.000 -0.007 -0.005
[18,] -0.008 -0.007 -0.008  0.000 -0.009
[19,] -0.008 -0.008 -0.009  0.000 -0.008
[20,] -0.009 -0.008 -0.009  0.000 -0.010
[21,]  0.000 -0.009 -0.007 -0.007 -0.006
[22,] -0.009  0.000 -0.006 -0.007  0.000
[23,] -0.007 -0.006  0.000  0.000  0.000
[24,] -0.007 -0.007  0.000  0.000 -0.009
[25,] -0.006  0.000  0.000 -0.009  0.000
[1] "The mean effective sample size is"
[1] 77757.08
[1] "The mean effective sample size without burnin is"
[1] 38769.26
