[1] "Convergence check with the Rubin-Gelman diagnostic"
[1] "All chains converged."
[1] "Convergence check with the acf diagnostic"
[1] "All chains converged."
[1] "This is the mean correlation matrix of the last 10000 iterations"
        [,1]   [,2]   [,3]   [,4]   [,5]   [,6] [,7]   [,8]   [,9]  [,10]
 [1,]  1.000  0.155 -0.485  0.566  0.144 -0.367   NA  0.156 -0.408 -0.115
 [2,]  0.155  1.000 -0.045 -0.265 -0.325 -0.308   NA  0.314 -0.094 -0.013
 [3,] -0.485 -0.045  1.000 -0.357 -0.457  0.189   NA  0.183 -0.091 -0.325
 [4,]  0.566 -0.265 -0.357  1.000  0.297 -0.048   NA -0.258  0.187  0.199
 [5,]  0.144 -0.325 -0.457  0.297  1.000 -0.005   NA -0.508  0.241  0.375
 [6,] -0.367 -0.308  0.189 -0.048 -0.005  1.000   NA  0.085  0.372 -0.219
 [7,]     NA     NA     NA     NA     NA     NA    1     NA     NA     NA
 [8,]  0.156  0.314  0.183 -0.258 -0.508  0.085   NA  1.000 -0.212 -0.541
 [9,] -0.408 -0.094 -0.091  0.187  0.241  0.372   NA -0.212  1.000  0.418
[10,] -0.115 -0.013 -0.325  0.199  0.375 -0.219   NA -0.541  0.418  1.000
[11,] -0.331  0.214  0.034 -0.590 -0.171 -0.108   NA  0.179  0.006 -0.167
[12,]  0.248  0.231  0.312  0.096 -0.585 -0.141   NA  0.474 -0.274 -0.093
[13,] -0.150  0.207  0.227 -0.180  0.210 -0.127   NA -0.438  0.009  0.323
[14,]  0.158 -0.513 -0.044  0.306  0.230  0.316   NA -0.079 -0.112 -0.086
[15,]  0.084 -0.301 -0.399  0.331  0.233  0.093   NA -0.235  0.067  0.132
[16,]     NA     NA     NA     NA     NA     NA   NA     NA     NA     NA
[17,]  0.028 -0.418 -0.097  0.309  0.271 -0.262   NA -0.668 -0.019  0.417
[18,]  0.032  0.464 -0.209 -0.338  0.127 -0.130   NA  0.178 -0.136 -0.006
[19,] -0.481  0.064  0.433 -0.673 -0.472  0.156   NA  0.461 -0.141 -0.283
[20,] -0.389  0.017 -0.194 -0.287  0.038  0.094   NA -0.077  0.227  0.247
[21,] -0.266  0.130  0.447 -0.542 -0.094  0.118   NA  0.127 -0.365 -0.513
[22,]  0.070 -0.061  0.064  0.342 -0.325 -0.126   NA  0.205  0.265  0.156
[23,] -0.555  0.320  0.375 -0.550 -0.156 -0.015   NA -0.079  0.143 -0.013
[24,] -0.326  0.120  0.202 -0.663 -0.277 -0.046   NA  0.363 -0.216 -0.256
[25,]  0.462 -0.017 -0.480  0.289  0.291 -0.460   NA -0.122 -0.297  0.203
       [,11]  [,12]  [,13]  [,14]  [,15] [,16]  [,17]  [,18]  [,19]  [,20]
 [1,] -0.331  0.248 -0.150  0.158  0.084    NA  0.028  0.032 -0.481 -0.389
 [2,]  0.214  0.231  0.207 -0.513 -0.301    NA -0.418  0.464  0.064  0.017
 [3,]  0.034  0.312  0.227 -0.044 -0.399    NA -0.097 -0.209  0.433 -0.194
 [4,] -0.590  0.096 -0.180  0.306  0.331    NA  0.309 -0.338 -0.673 -0.287
 [5,] -0.171 -0.585  0.210  0.230  0.233    NA  0.271  0.127 -0.472  0.038
 [6,] -0.108 -0.141 -0.127  0.316  0.093    NA -0.262 -0.130  0.156  0.094
 [7,]     NA     NA     NA     NA     NA    NA     NA     NA     NA     NA
 [8,]  0.179  0.474 -0.438 -0.079 -0.235    NA -0.668  0.178  0.461 -0.077
 [9,]  0.006 -0.274  0.009 -0.112  0.067    NA -0.019 -0.136 -0.141  0.227
[10,] -0.167 -0.093  0.323 -0.086  0.132    NA  0.417 -0.006 -0.283  0.247
[11,]  1.000 -0.161  0.074 -0.402 -0.259    NA -0.167  0.280  0.273  0.357
[12,] -0.161  1.000 -0.039 -0.215 -0.526    NA -0.193 -0.191  0.107 -0.127
[13,]  0.074 -0.039  1.000 -0.170 -0.436    NA  0.241  0.220  0.038 -0.051
[14,] -0.402 -0.215 -0.170  1.000  0.374    NA  0.231 -0.379 -0.085 -0.101
[15,] -0.259 -0.526 -0.436  0.374  1.000    NA  0.100 -0.057 -0.156  0.011
[16,]     NA     NA     NA     NA     NA     1     NA     NA     NA     NA
[17,] -0.167 -0.193  0.241  0.231  0.100    NA  1.000 -0.303 -0.405  0.034
[18,]  0.280 -0.191  0.220 -0.379 -0.057    NA -0.303  1.000  0.069  0.064
[19,]  0.273  0.107  0.038 -0.085 -0.156    NA -0.405  0.069  1.000  0.091
[20,]  0.357 -0.127 -0.051 -0.101  0.011    NA  0.034  0.064  0.091  1.000
[21,]  0.131 -0.133  0.237 -0.162 -0.216    NA -0.390  0.321  0.498 -0.159
[22,] -0.212  0.447 -0.367 -0.065 -0.048    NA -0.035 -0.471 -0.141 -0.123
[23,]  0.415 -0.156  0.399 -0.311 -0.422    NA  0.046  0.259  0.214  0.193
[24,]  0.519  0.065 -0.051 -0.369 -0.290    NA -0.315  0.206  0.621  0.333
[25,] -0.064 -0.061 -0.291  0.170  0.335    NA  0.128 -0.085 -0.426  0.244
       [,21]  [,22]  [,23]  [,24]  [,25]
 [1,] -0.266  0.070 -0.555 -0.326  0.462
 [2,]  0.130 -0.061  0.320  0.120 -0.017
 [3,]  0.447  0.064  0.375  0.202 -0.480
 [4,] -0.542  0.342 -0.550 -0.663  0.289
 [5,] -0.094 -0.325 -0.156 -0.277  0.291
 [6,]  0.118 -0.126 -0.015 -0.046 -0.460
 [7,]     NA     NA     NA     NA     NA
 [8,]  0.127  0.205 -0.079  0.363 -0.122
 [9,] -0.365  0.265  0.143 -0.216 -0.297
[10,] -0.513  0.156 -0.013 -0.256  0.203
[11,]  0.131 -0.212  0.415  0.519 -0.064
[12,] -0.133  0.447 -0.156  0.065 -0.061
[13,]  0.237 -0.367  0.399 -0.051 -0.291
[14,] -0.162 -0.065 -0.311 -0.369  0.170
[15,] -0.216 -0.048 -0.422 -0.290  0.335
[16,]     NA     NA     NA     NA     NA
[17,] -0.390 -0.035  0.046 -0.315  0.128
[18,]  0.321 -0.471  0.259  0.206 -0.085
[19,]  0.498 -0.141  0.214  0.621 -0.426
[20,] -0.159 -0.123  0.193  0.333  0.244
[21,]  1.000 -0.570  0.270  0.470 -0.262
[22,] -0.570  1.000 -0.232 -0.154  0.034
[23,]  0.270 -0.232  1.000  0.295 -0.482
[24,]  0.470 -0.154  0.295  1.000 -0.156
[25,] -0.262  0.034 -0.482 -0.156  1.000
[1] "This is the mean correlation matrix of the chosen samples, adjusted for autocorretion"
        V1     V2     V3     V4     V5     V6     V7     V8     V9    V10
V1   1.000  0.091  0.042  0.090 -0.067 -0.035 -0.095 -0.063 -0.005 -0.116
V2   0.091  1.000 -0.237  0.105 -0.042 -0.030 -0.089  0.068 -0.022  0.110
V3   0.042 -0.237  1.000 -0.191 -0.110  0.092  0.079 -0.088 -0.111 -0.184
V4   0.090  0.105 -0.191  1.000 -0.110 -0.167 -0.099 -0.056  0.079  0.110
V5  -0.067 -0.042 -0.110 -0.110  1.000 -0.027  0.062  0.016  0.076 -0.072
V6  -0.035 -0.030  0.092 -0.167 -0.027  1.000 -0.022 -0.018 -0.074 -0.069
V7  -0.095 -0.089  0.079 -0.099  0.062 -0.022  1.000 -0.044 -0.096  0.054
V8  -0.063  0.068 -0.088 -0.056  0.016 -0.018 -0.044  1.000 -0.003 -0.023
V9  -0.005 -0.022 -0.111  0.079  0.076 -0.074 -0.096 -0.003  1.000 -0.069
V10 -0.116  0.110 -0.184  0.110 -0.072 -0.069  0.054 -0.023 -0.069  1.000
V11 -0.100 -0.121  0.108 -0.115 -0.023 -0.043 -0.069  0.032 -0.058 -0.068
V12 -0.049 -0.053 -0.083  0.088 -0.044 -0.042  0.067  0.011 -0.052 -0.018
V13 -0.004  0.030  0.072 -0.109 -0.060  0.030 -0.081 -0.049 -0.063 -0.113
V14 -0.081 -0.049 -0.066 -0.013 -0.033 -0.044  0.069 -0.022 -0.078 -0.027
V15 -0.005 -0.032  0.075  0.090 -0.087 -0.063  0.014 -0.020 -0.060  0.085
V16 -0.069 -0.003 -0.144 -0.039 -0.053 -0.014 -0.093 -0.049 -0.040 -0.066
V17 -0.090 -0.060  0.056  0.049  0.073 -0.033 -0.060 -0.049  0.006 -0.129
V18 -0.070  0.036  0.070 -0.131 -0.079 -0.006 -0.078 -0.045 -0.077  0.061
V19  0.060 -0.008 -0.104 -0.052 -0.019  0.015 -0.069 -0.010  0.074 -0.088
V20 -0.033 -0.065 -0.099  0.104 -0.097 -0.056 -0.097 -0.044 -0.006 -0.063
V21 -0.128 -0.122  0.109 -0.205  0.046  0.092 -0.026 -0.071 -0.117 -0.077
V22  0.087 -0.020 -0.125  0.000 -0.030 -0.051 -0.095  0.005  0.093 -0.030
V23 -0.101 -0.044 -0.083 -0.086  0.011 -0.021 -0.059  0.013  0.076  0.052
V24 -0.106 -0.056 -0.068 -0.040 -0.040 -0.063 -0.038 -0.008 -0.050  0.065
V25  0.073 -0.083  0.119 -0.074 -0.014 -0.073  0.094 -0.061 -0.035 -0.084
       V11    V12    V13    V14    V15    V16    V17    V18    V19    V20
V1  -0.100 -0.049 -0.004 -0.081 -0.005 -0.069 -0.090 -0.070  0.060 -0.033
V2  -0.121 -0.053  0.030 -0.049 -0.032 -0.003 -0.060  0.036 -0.008 -0.065
V3   0.108 -0.083  0.072 -0.066  0.075 -0.144  0.056  0.070 -0.104 -0.099
V4  -0.115  0.088 -0.109 -0.013  0.090 -0.039  0.049 -0.131 -0.052  0.104
V5  -0.023 -0.044 -0.060 -0.033 -0.087 -0.053  0.073 -0.079 -0.019 -0.097
V6  -0.043 -0.042  0.030 -0.044 -0.063 -0.014 -0.033 -0.006  0.015 -0.056
V7  -0.069  0.067 -0.081  0.069  0.014 -0.093 -0.060 -0.078 -0.069 -0.097
V8   0.032  0.011 -0.049 -0.022 -0.020 -0.049 -0.049 -0.045 -0.010 -0.044
V9  -0.058 -0.052 -0.063 -0.078 -0.060 -0.040  0.006 -0.077  0.074 -0.006
V10 -0.068 -0.018 -0.113 -0.027  0.085 -0.066 -0.129  0.061 -0.088 -0.063
V11  1.000  0.079 -0.017 -0.064 -0.024 -0.037 -0.042  0.095 -0.060  0.089
V12  0.079  1.000 -0.036 -0.003 -0.063 -0.038 -0.024 -0.081 -0.071  0.100
V13 -0.017 -0.036  1.000 -0.095 -0.080 -0.025  0.111 -0.091  0.073 -0.022
V14 -0.064 -0.003 -0.095  1.000  0.005  0.070 -0.032 -0.076 -0.062 -0.025
V15 -0.024 -0.063 -0.080  0.005  1.000 -0.099 -0.065 -0.085 -0.054 -0.088
V16 -0.037 -0.038 -0.025  0.070 -0.099  1.000 -0.034 -0.021 -0.013 -0.005
V17 -0.042 -0.024  0.111 -0.032 -0.065 -0.034  1.000 -0.104 -0.024 -0.045
V18  0.095 -0.081 -0.091 -0.076 -0.085 -0.021 -0.104  1.000 -0.078  0.072
V19 -0.060 -0.071  0.073 -0.062 -0.054 -0.013 -0.024 -0.078  1.000 -0.062
V20  0.089  0.100 -0.022 -0.025 -0.088 -0.005 -0.045  0.072 -0.062  1.000
V21 -0.049 -0.156 -0.022 -0.028 -0.039  0.062 -0.095  0.104  0.042 -0.128
V22 -0.089 -0.026 -0.057 -0.047 -0.065  0.072 -0.051 -0.080 -0.039  0.000
V23 -0.100 -0.094 -0.015 -0.082 -0.077 -0.028  0.073 -0.027 -0.048 -0.067
V24 -0.054 -0.087 -0.028  0.084 -0.071  0.047 -0.088 -0.065 -0.044 -0.028
V25 -0.034 -0.062 -0.092  0.011  0.014 -0.060 -0.057 -0.085 -0.075 -0.072
       V21    V22    V23    V24    V25
V1  -0.128  0.087 -0.101 -0.106  0.073
V2  -0.122 -0.020 -0.044 -0.056 -0.083
V3   0.109 -0.125 -0.083 -0.068  0.119
V4  -0.205  0.000 -0.086 -0.040 -0.074
V5   0.046 -0.030  0.011 -0.040 -0.014
V6   0.092 -0.051 -0.021 -0.063 -0.073
V7  -0.026 -0.095 -0.059 -0.038  0.094
V8  -0.071  0.005  0.013 -0.008 -0.061
V9  -0.117  0.093  0.076 -0.050 -0.035
V10 -0.077 -0.030  0.052  0.065 -0.084
V11 -0.049 -0.089 -0.100 -0.054 -0.034
V12 -0.156 -0.026 -0.094 -0.087 -0.062
V13 -0.022 -0.057 -0.015 -0.028 -0.092
V14 -0.028 -0.047 -0.082  0.084  0.011
V15 -0.039 -0.065 -0.077 -0.071  0.014
V16  0.062  0.072 -0.028  0.047 -0.060
V17 -0.095 -0.051  0.073 -0.088 -0.057
V18  0.104 -0.080 -0.027 -0.065 -0.085
V19  0.042 -0.039 -0.048 -0.044 -0.075
V20 -0.128  0.000 -0.067 -0.028 -0.072
V21  1.000 -0.102  0.079  0.068 -0.075
V22 -0.102  1.000  0.077 -0.024 -0.064
V23  0.079  0.077  1.000 -0.054 -0.090
V24  0.068 -0.024 -0.054  1.000  0.076
V25 -0.075 -0.064 -0.090  0.076  1.000
[1] "The counts generated in the last step look as follows:"
      [,1] [,2] [,3] [,4] [,5] [,6]
 [1,]   14   18   22   24   21   16
 [2,]   16   14   20   14   25   21
 [3,]   43   44   39   41   45   42
 [4,]   21   28   21   40   21   24
 [5,]   14   11   13   14   10   10
 [6,]   17   15   10   12   13   14
 [7,]   17   27   29   19   24   23
 [8,]    5   12    8    4   17   12
 [9,]   22   14    6   12   10   23
[10,]   23   18   20   23   17   22
[11,]   16   11   23    9   18   23
[12,]    7   12    8   15   18   15
[13,]   16    8   12   13   14    9
[14,]   18   18   10   18   10    7
[15,]   14   17   15   14    9   13
[16,]    6   15   10    8    5    6
[17,]   17   12   17   23   10   14
[18,]   27   12   31   16   28   22
[19,]   11   13   10    4   11    9
[20,]   15   11   14   12    9   19
[21,]   26   27   27   12   31   13
[22,]    9   16    9   15   13   19
[23,]   21   11   17   10   22   18
[24,]   12   12   14    8   12   13
[25,]   12   15   18   20   12   16
[1] "The data was created with a eta of"
 [1] 5 5 5 5 5 5 5 5 5 5 5 5 5 5 5 5 5 5 5 5 5 5 5 5 5
[1] "The data was created with the following theta matrix:"
        [,1]   [,2]   [,3]   [,4]   [,5]   [,6]   [,7]   [,8]   [,9]  [,10]
 [1,]  0.000  0.000  0.000  0.000 -0.006 -0.006 -0.008 -0.009 -0.007 -0.009
 [2,]  0.000  0.000 -0.010  0.000 -0.006 -0.005 -0.007  0.000 -0.007  0.000
 [3,]  0.000 -0.010  0.000 -0.006 -0.009  0.000  0.000 -0.006 -0.005 -0.007
 [4,]  0.000  0.000 -0.006  0.000 -0.009 -0.010 -0.007 -0.009  0.000  0.000
 [5,] -0.006 -0.006 -0.009 -0.009  0.000 -0.008  0.000 -0.006  0.000 -0.008
 [6,] -0.006 -0.005  0.000 -0.010 -0.008  0.000 -0.007 -0.007 -0.007 -0.007
 [7,] -0.008 -0.007  0.000 -0.007  0.000 -0.007  0.000 -0.007 -0.009  0.000
 [8,] -0.009  0.000 -0.006 -0.009 -0.006 -0.007 -0.007  0.000 -0.008 -0.009
 [9,] -0.007 -0.007 -0.005  0.000  0.000 -0.007 -0.009 -0.008  0.000 -0.009
[10,] -0.009  0.000 -0.007  0.000 -0.008 -0.007  0.000 -0.009 -0.009  0.000
[11,] -0.008 -0.009  0.000 -0.008 -0.005 -0.008 -0.008  0.000 -0.006 -0.007
[12,] -0.006 -0.008 -0.005  0.000 -0.007 -0.006  0.000 -0.007 -0.009 -0.005
[13,] -0.005  0.000  0.000 -0.009 -0.009 -0.006 -0.008 -0.009 -0.010 -0.009
[14,] -0.009 -0.007 -0.005 -0.005 -0.009 -0.008  0.000 -0.007 -0.010 -0.008
[15,] -0.005 -0.008  0.000  0.000 -0.009 -0.009 -0.005 -0.007 -0.008  0.000
[16,] -0.008 -0.006 -0.008 -0.006 -0.010 -0.007 -0.010 -0.010 -0.008 -0.008
[17,] -0.010 -0.005  0.000  0.000  0.000 -0.007 -0.007 -0.009 -0.007 -0.010
[18,] -0.005  0.000  0.000 -0.008 -0.008 -0.007 -0.007 -0.010 -0.008  0.000
[19,]  0.000 -0.007 -0.008 -0.009 -0.010 -0.005 -0.007 -0.007  0.000 -0.009
[20,] -0.006 -0.010 -0.006  0.000 -0.010 -0.008 -0.009 -0.009 -0.005 -0.009
[21,] -0.008 -0.008  0.000 -0.007  0.000  0.000 -0.005 -0.009 -0.010 -0.007
[22,]  0.000 -0.008 -0.006 -0.005 -0.008 -0.006 -0.008 -0.006  0.000 -0.006
[23,] -0.008 -0.007 -0.006 -0.007 -0.006 -0.007 -0.006 -0.005  0.000  0.000
[24,] -0.010 -0.009 -0.006 -0.007 -0.009 -0.010 -0.009 -0.006 -0.008  0.000
[25,]  0.000 -0.007  0.000 -0.007 -0.006 -0.010  0.000 -0.010 -0.005 -0.008
       [,11]  [,12]  [,13]  [,14]  [,15]  [,16]  [,17]  [,18]  [,19]  [,20]
 [1,] -0.008 -0.006 -0.005 -0.009 -0.005 -0.008 -0.010 -0.005  0.000 -0.006
 [2,] -0.009 -0.008  0.000 -0.007 -0.008 -0.006 -0.005  0.000 -0.007 -0.010
 [3,]  0.000 -0.005  0.000 -0.005  0.000 -0.008  0.000  0.000 -0.008 -0.006
 [4,] -0.008  0.000 -0.009 -0.005  0.000 -0.006  0.000 -0.008 -0.009  0.000
 [5,] -0.005 -0.007 -0.009 -0.009 -0.009 -0.010  0.000 -0.008 -0.010 -0.010
 [6,] -0.008 -0.006 -0.006 -0.008 -0.009 -0.007 -0.007 -0.007 -0.005 -0.008
 [7,] -0.008  0.000 -0.008  0.000 -0.005 -0.010 -0.007 -0.007 -0.007 -0.009
 [8,]  0.000 -0.007 -0.009 -0.007 -0.007 -0.010 -0.009 -0.010 -0.007 -0.009
 [9,] -0.006 -0.009 -0.010 -0.010 -0.008 -0.008 -0.007 -0.008  0.000 -0.005
[10,] -0.007 -0.005 -0.009 -0.008  0.000 -0.008 -0.010  0.000 -0.009 -0.009
[11,]  0.000  0.000 -0.006 -0.008 -0.006 -0.007 -0.006  0.000 -0.007  0.000
[12,]  0.000  0.000 -0.006 -0.006 -0.010 -0.007 -0.006 -0.009 -0.009  0.000
[13,] -0.006 -0.006  0.000 -0.009 -0.009 -0.005  0.000 -0.010  0.000 -0.005
[14,] -0.008 -0.006 -0.009  0.000 -0.006  0.000 -0.005 -0.008 -0.009 -0.007
[15,] -0.006 -0.010 -0.009 -0.006  0.000 -0.010 -0.007 -0.008 -0.008 -0.010
[16,] -0.007 -0.007 -0.005  0.000 -0.010  0.000 -0.006 -0.006 -0.008 -0.005
[17,] -0.006 -0.006  0.000 -0.005 -0.007 -0.006  0.000 -0.008 -0.005 -0.007
[18,]  0.000 -0.009 -0.010 -0.008 -0.008 -0.006 -0.008  0.000 -0.009  0.000
[19,] -0.007 -0.009  0.000 -0.009 -0.008 -0.008 -0.005 -0.009  0.000 -0.009
[20,]  0.000  0.000 -0.005 -0.007 -0.010 -0.005 -0.007  0.000 -0.009  0.000
[21,] -0.006 -0.009 -0.005 -0.006 -0.005  0.000 -0.008  0.000  0.000 -0.009
[22,] -0.008 -0.006 -0.008 -0.008 -0.007  0.000 -0.008 -0.007 -0.010 -0.006
[23,] -0.008 -0.008 -0.006 -0.008 -0.009 -0.009  0.000 -0.006 -0.009 -0.008
[24,] -0.006 -0.009 -0.006  0.000 -0.010 -0.005 -0.008 -0.008 -0.009 -0.007
[25,] -0.006 -0.009 -0.010 -0.006 -0.005 -0.007 -0.006 -0.009 -0.009 -0.007
       [,21]  [,22]  [,23]  [,24]  [,25]
 [1,] -0.008  0.000 -0.008 -0.010  0.000
 [2,] -0.008 -0.008 -0.007 -0.009 -0.007
 [3,]  0.000 -0.006 -0.006 -0.006  0.000
 [4,] -0.007 -0.005 -0.007 -0.007 -0.007
 [5,]  0.000 -0.008 -0.006 -0.009 -0.006
 [6,]  0.000 -0.006 -0.007 -0.010 -0.010
 [7,] -0.005 -0.008 -0.006 -0.009  0.000
 [8,] -0.009 -0.006 -0.005 -0.006 -0.010
 [9,] -0.010  0.000  0.000 -0.008 -0.005
[10,] -0.007 -0.006  0.000  0.000 -0.008
[11,] -0.006 -0.008 -0.008 -0.006 -0.006
[12,] -0.009 -0.006 -0.008 -0.009 -0.009
[13,] -0.005 -0.008 -0.006 -0.006 -0.010
[14,] -0.006 -0.008 -0.008  0.000 -0.006
[15,] -0.005 -0.007 -0.009 -0.010 -0.005
[16,]  0.000  0.000 -0.009 -0.005 -0.007
[17,] -0.008 -0.008  0.000 -0.008 -0.006
[18,]  0.000 -0.007 -0.006 -0.008 -0.009
[19,]  0.000 -0.010 -0.009 -0.009 -0.009
[20,] -0.009 -0.006 -0.008 -0.007 -0.007
[21,]  0.000 -0.009  0.000  0.000 -0.007
[22,] -0.009  0.000  0.000 -0.007 -0.008
[23,]  0.000  0.000  0.000 -0.009 -0.007
[24,]  0.000 -0.007 -0.009  0.000  0.000
[25,] -0.007 -0.008 -0.007  0.000  0.000
[1] "The mean effective sample size is"
[1] 75992.8
[1] "The mean effective sample size without burnin is"
[1] 37892.12
