[1] "Convergence check with the Rubin-Gelman diagnostic"
[1] "All chains converged."
[1] "Convergence check with the acf diagnostic"
[1] "All chains converged."
[1] "This is the mean correlation matrix of the last 1000 iterations"
        [,1]   [,2]   [,3]   [,4]   [,5]   [,6]   [,7]   [,8]   [,9]  [,10]
 [1,]  1.000 -0.169  0.170 -0.009  0.192 -0.146 -0.161  0.240 -0.458 -0.375
 [2,] -0.169  1.000  0.271 -0.239  0.086  0.202 -0.246  0.107  0.087  0.271
 [3,]  0.170  0.271  1.000 -0.215  0.103 -0.272 -0.259  0.589  0.205  0.332
 [4,] -0.009 -0.239 -0.215  1.000  0.010 -0.535 -0.101 -0.217  0.365 -0.492
 [5,]  0.192  0.086  0.103  0.010  1.000 -0.127 -0.070  0.062  0.031  0.054
 [6,] -0.146  0.202 -0.272 -0.535 -0.127  1.000  0.383 -0.035 -0.549  0.288
 [7,] -0.161 -0.246 -0.259 -0.101 -0.070  0.383  1.000  0.171 -0.142  0.082
 [8,]  0.240  0.107  0.589 -0.217  0.062 -0.035  0.171  1.000  0.052  0.185
 [9,] -0.458  0.087  0.205  0.365  0.031 -0.549 -0.142  0.052  1.000  0.084
[10,] -0.375  0.271  0.332 -0.492  0.054  0.288  0.082  0.185  0.084  1.000
[1] "The counts generated in the last step look as follows:"
      [,1] [,2] [,3] [,4] [,5] [,6]
 [1,]    2    8    3    2    8    6
 [2,]    7    9    7    9    6    6
 [3,]    4    6    2   10    6    9
 [4,]   12    4    5    4    4    7
 [5,]    5    8    6    6    3    9
 [6,]    4   10   11   10    8    6
 [7,]    5    5    9    5    6    8
 [8,]    2    4    5    7    6    9
 [9,]   14    2    6    9    4   10
[10,]    3    5    6   12    5    7
[1] "The data was created with a eta of"
 [1] 2 2 2 2 2 2 2 2 2 2
[1] "The data was created with the following theta matrix:"
        [,1]   [,2]   [,3]   [,4]   [,5]   [,6]   [,7]   [,8]   [,9]  [,10]
 [1,]  0.000  0.000 -0.007  0.000 -0.009  0.000  0.000  0.000 -0.009 -0.005
 [2,]  0.000  0.000 -0.010  0.000 -0.006  0.000 -0.007 -0.006  0.000 -0.005
 [3,] -0.007 -0.010  0.000  0.000  0.000 -0.006 -0.009  0.000  0.000  0.000
 [4,]  0.000  0.000  0.000  0.000 -0.007 -0.009  0.000 -0.009  0.000  0.000
 [5,] -0.009 -0.006  0.000 -0.007  0.000  0.000 -0.005 -0.006  0.000 -0.009
 [6,]  0.000  0.000 -0.006 -0.009  0.000  0.000  0.000  0.000  0.000  0.000
 [7,]  0.000 -0.007 -0.009  0.000 -0.005  0.000  0.000  0.000  0.000 -0.008
 [8,]  0.000 -0.006  0.000 -0.009 -0.006  0.000  0.000  0.000 -0.009  0.000
 [9,] -0.009  0.000  0.000  0.000  0.000  0.000  0.000 -0.009  0.000  0.000
[10,] -0.005 -0.005  0.000  0.000 -0.009  0.000 -0.008  0.000  0.000  0.000
[1] "The mean effective sample size is"
[1] 9899.489
[1] "The mean effective sample size without burnin is"
[1] 4973.093
