[1] "Convergence check with the Rubin-Gelman diagnostic"
[1] "All chains converged."
[1] "Convergence check with the acf diagnostic"
[1] "All chains converged."
[1] "This is the mean correlation matrix of the last 10000 iterations"
        [,1] [,2] [,3] [,4] [,5]   [,6]   [,7]   [,8]   [,9]  [,10]
 [1,]  1.000   NA   NA   NA   NA  0.009 -0.044 -0.384 -0.120  0.646
 [2,]     NA    1   NA   NA   NA     NA     NA     NA     NA     NA
 [3,]     NA   NA    1   NA   NA     NA     NA     NA     NA     NA
 [4,]     NA   NA   NA    1   NA     NA     NA     NA     NA     NA
 [5,]     NA   NA   NA   NA    1     NA     NA     NA     NA     NA
 [6,]  0.009   NA   NA   NA   NA  1.000 -0.158 -0.223 -0.048 -0.059
 [7,] -0.044   NA   NA   NA   NA -0.158  1.000 -0.254  0.321  0.061
 [8,] -0.384   NA   NA   NA   NA -0.223 -0.254  1.000  0.287 -0.335
 [9,] -0.120   NA   NA   NA   NA -0.048  0.321  0.287  1.000 -0.076
[10,]  0.646   NA   NA   NA   NA -0.059  0.061 -0.335 -0.076  1.000
[1] "This is the mean correlation matrix of the chosen samples, adjusted for autocorretion"
        V1     V2     V3     V4     V5     V6     V7     V8     V9    V10
V1   1.000 -0.019 -0.004 -0.004 -0.053  0.000 -0.017  0.012 -0.012 -0.001
V2  -0.019  1.000  0.007  0.019 -0.012 -0.090 -0.005 -0.108  0.013 -0.077
V3  -0.004  0.007  1.000  0.037  0.038 -0.037 -0.041 -0.016 -0.046 -0.008
V4  -0.004  0.019  0.037  1.000 -0.007 -0.006 -0.184  0.003  0.003 -0.142
V5  -0.053 -0.012  0.038 -0.007  1.000  0.004  0.016  0.014 -0.049 -0.065
V6   0.000 -0.090 -0.037 -0.006  0.004  1.000 -0.008  0.031 -0.008  0.007
V7  -0.017 -0.005 -0.041 -0.184  0.016 -0.008  1.000 -0.013  0.016  0.026
V8   0.012 -0.108 -0.016  0.003  0.014  0.031 -0.013  1.000  0.008  0.009
V9  -0.012  0.013 -0.046  0.003 -0.049 -0.008  0.016  0.008  1.000  0.014
V10 -0.001 -0.077 -0.008 -0.142 -0.065  0.007  0.026  0.009  0.014  1.000
[1] "The counts generated in the last step look as follows:"
      [,1] [,2] [,3] [,4] [,5] [,6]
 [1,]   13   26   21   16   26   19
 [2,]    0    0    0    0    0    0
 [3,]    0    0    0    0    0    0
 [4,]    0    0    0    0    0    0
 [5,]    0    0    0    0    0    0
 [6,]   23   26   27   18   21   22
 [7,]   23   19   16   16   23   17
 [8,]   22   17   22   22   19   23
 [9,]   20   14   17   16   20   19
[10,]   12   25   21   16   25   23
[1] "The data was created with a eta of"
 [1] 3 3 3 3 3 3 3 3 3 3
[1] "The data was created with the following theta matrix:"
        [,1]   [,2]   [,3]   [,4]   [,5]   [,6]   [,7]   [,8]   [,9]  [,10]
 [1,]  0.000  0.000  0.000  0.000 -0.111  0.000  0.000  0.000  0.000  0.000
 [2,]  0.000  0.000 -0.127  0.000  0.000 -0.117  0.000 -0.136  0.000 -0.100
 [3,]  0.000 -0.127  0.000  0.000  0.000 -0.134 -0.186  0.000 -0.169  0.000
 [4,]  0.000  0.000  0.000  0.000  0.000  0.000 -0.178  0.000  0.000 -0.146
 [5,] -0.111  0.000  0.000  0.000  0.000  0.000  0.000  0.000 -0.132 -0.148
 [6,]  0.000 -0.117 -0.134  0.000  0.000  0.000  0.000  0.000  0.000  0.000
 [7,]  0.000  0.000 -0.186 -0.178  0.000  0.000  0.000  0.000  0.000  0.000
 [8,]  0.000 -0.136  0.000  0.000  0.000  0.000  0.000  0.000  0.000  0.000
 [9,]  0.000  0.000 -0.169  0.000 -0.132  0.000  0.000  0.000  0.000  0.000
[10,]  0.000 -0.100  0.000 -0.146 -0.148  0.000  0.000  0.000  0.000  0.000
[1] "The mean effective sample size is"
[1] 95929.93
[1] "The mean effective sample size without burnin is"
[1] 47693.73
