[1] "Convergence check with the Rubin-Gelman diagnostic"
[1] "All chains converged."
[1] "Convergence check with the acf diagnostic"
[1] "This is the mean correlation matrix of the chosen samples, adjusted for autocorretion"
        V1 V2 V3     V4     V5     V6 V7     V8 V9 V10    V11 V12    V13    V14
V1   1.000 NA NA -0.001 -0.056 -0.005 NA  0.009 NA  NA -0.007  NA  0.019 -0.060
V2      NA  1 NA     NA     NA     NA NA     NA NA  NA     NA  NA     NA     NA
V3      NA NA  1     NA     NA     NA NA     NA NA  NA     NA  NA     NA     NA
V4  -0.001 NA NA  1.000 -0.012 -0.002 NA -0.003 NA  NA -0.006  NA  0.035 -0.009
V5  -0.056 NA NA -0.012  1.000  0.037 NA  0.066 NA  NA -0.022  NA -0.127  0.051
V6  -0.005 NA NA -0.002  0.037  1.000 NA -0.003 NA  NA -0.006  NA -0.021 -0.009
V7      NA NA NA     NA     NA     NA  1     NA NA  NA     NA  NA     NA     NA
V8   0.009 NA NA -0.003  0.066 -0.003 NA  1.000 NA  NA -0.007  NA -0.025 -0.011
V9      NA NA NA     NA     NA     NA NA     NA  1  NA     NA  NA     NA     NA
V10     NA NA NA     NA     NA     NA NA     NA NA   1     NA  NA     NA     NA
V11 -0.007 NA NA -0.006 -0.022 -0.006 NA -0.007 NA  NA  1.000  NA  0.052  0.021
V12     NA NA NA     NA     NA     NA NA     NA NA  NA     NA   1     NA     NA
V13  0.019 NA NA  0.035 -0.127 -0.021 NA -0.025 NA  NA  0.052  NA  1.000 -0.002
V14 -0.060 NA NA -0.009  0.051 -0.009 NA -0.011 NA  NA  0.021  NA -0.002  1.000
V15  0.032 NA NA -0.025  0.038 -0.032 NA -0.046 NA  NA -0.044  NA -0.005 -0.111
V16  0.001 NA NA -0.003 -0.016 -0.003 NA -0.004 NA  NA -0.007  NA  0.020 -0.011
V17  0.029 NA NA -0.013 -0.160 -0.013 NA -0.016 NA  NA  0.032  NA  0.018  0.029
V18     NA NA NA     NA     NA     NA NA     NA NA  NA     NA  NA     NA     NA
V19     NA NA NA     NA     NA     NA NA     NA NA  NA     NA  NA     NA     NA
V20 -0.015 NA NA  0.000 -0.002  0.007 NA -0.001 NA  NA -0.049  NA -0.148 -0.049
       V15    V16    V17 V18 V19    V20
V1   0.032  0.001  0.029  NA  NA -0.015
V2      NA     NA     NA  NA  NA     NA
V3      NA     NA     NA  NA  NA     NA
V4  -0.025 -0.003 -0.013  NA  NA  0.000
V5   0.038 -0.016 -0.160  NA  NA -0.002
V6  -0.032 -0.003 -0.013  NA  NA  0.007
V7      NA     NA     NA  NA  NA     NA
V8  -0.046 -0.004 -0.016  NA  NA -0.001
V9      NA     NA     NA  NA  NA     NA
V10     NA     NA     NA  NA  NA     NA
V11 -0.044 -0.007  0.032  NA  NA -0.049
V12     NA     NA     NA  NA  NA     NA
V13 -0.005  0.020  0.018  NA  NA -0.148
V14 -0.111 -0.011  0.029  NA  NA -0.049
V15  1.000 -0.029 -0.002  NA  NA  0.062
V16 -0.029  1.000 -0.016  NA  NA  0.038
V17 -0.002 -0.016  1.000  NA  NA -0.060
V18     NA     NA     NA   1  NA     NA
V19     NA     NA     NA  NA   1     NA
V20  0.062  0.038 -0.060  NA  NA  1.000
[1] "The counts generated in the last step look as follows:"
      [,1] [,2] [,3] [,4] [,5] [,6]
 [1,]  131  137  145  136  170  120
 [2,]    0    0    0    0    0    0
 [3,]    0    0    0    0    0    0
 [4,]    0    0    0    0    0    0
 [5,]  134  130  143  141  148  159
 [6,]    0    0    0    0    0    0
 [7,]    0    0    0    0    0    0
 [8,]    0    0    0    0    0    0
 [9,]    0    0    0    0    0    0
[10,]    0    0    0    0    0    0
[11,]    0    0    0    0    0    0
[12,]    0    0    0    0    0    0
[13,]    0    0    0    0    1    0
[14,]    0    0    0    0    0    0
[15,]  141  179  138  137  159  138
[16,]    0    0    0    0    0    0
[17,]    0    0    1    0    0    0
[18,]    0    0    0    0    0    0
[19,]    0    0    0    0    0    0
[20,]  151  141  162  130  142  130
[1] "The data was created with a eta of"
 [1] 5 5 5 5 5 5 5 5 5 5 5 5 5 5 5 5 5 5 5 5
[1] "The data was created with the following theta matrix:"
        [,1]   [,2]   [,3]   [,4]   [,5]   [,6]   [,7]   [,8]   [,9]  [,10]
 [1,]  0.000 -0.033 -0.025 -0.016  0.000 -0.010 -0.050 -0.029 -0.016 -0.039
 [2,] -0.033  0.000 -0.034  0.000 -0.012 -0.031 -0.038  0.000 -0.048 -0.014
 [3,] -0.025 -0.034  0.000  0.000  0.000 -0.032 -0.044 -0.042 -0.024  0.000
 [4,] -0.016  0.000  0.000  0.000 -0.039  0.000  0.000  0.000 -0.038 -0.028
 [5,]  0.000 -0.012  0.000 -0.039  0.000 -0.013 -0.040  0.000 -0.044 -0.025
 [6,] -0.010 -0.031 -0.032  0.000 -0.013  0.000  0.000 -0.028  0.000 -0.016
 [7,] -0.050 -0.038 -0.044  0.000 -0.040  0.000  0.000  0.000  0.000  0.000
 [8,] -0.029  0.000 -0.042  0.000  0.000 -0.028  0.000  0.000 -0.039  0.000
 [9,] -0.016 -0.048 -0.024 -0.038 -0.044  0.000  0.000 -0.039  0.000 -0.032
[10,] -0.039 -0.014  0.000 -0.028 -0.025 -0.016  0.000  0.000 -0.032  0.000
[11,] -0.043 -0.029 -0.034 -0.013  0.000 -0.027 -0.020 -0.046 -0.036 -0.016
[12,] -0.031  0.000 -0.023 -0.019 -0.014  0.000 -0.026 -0.044 -0.013 -0.039
[13,]  0.000 -0.050 -0.029  0.000 -0.017 -0.030 -0.033  0.000 -0.033 -0.028
[14,] -0.017 -0.044 -0.035 -0.024  0.000 -0.034  0.000 -0.037 -0.037 -0.030
[15,]  0.000 -0.020 -0.032 -0.023  0.000 -0.019 -0.031 -0.044 -0.038 -0.019
[16,] -0.024 -0.034  0.000 -0.018  0.000 -0.032  0.000 -0.023 -0.013 -0.021
[17,]  0.000 -0.021 -0.044 -0.016 -0.041  0.000  0.000 -0.049 -0.028 -0.031
[18,] -0.029 -0.027 -0.012 -0.022 -0.030  0.000 -0.015  0.000 -0.015 -0.045
[19,] -0.037 -0.045 -0.039  0.000 -0.015 -0.044  0.000 -0.021 -0.035 -0.034
[20,]  0.000 -0.038 -0.047  0.000  0.000 -0.036  0.000  0.000 -0.034 -0.035
       [,11]  [,12]  [,13]  [,14]  [,15]  [,16]  [,17]  [,18]  [,19]  [,20]
 [1,] -0.043 -0.031  0.000 -0.017  0.000 -0.024  0.000 -0.029 -0.037  0.000
 [2,] -0.029  0.000 -0.050 -0.044 -0.020 -0.034 -0.021 -0.027 -0.045 -0.038
 [3,] -0.034 -0.023 -0.029 -0.035 -0.032  0.000 -0.044 -0.012 -0.039 -0.047
 [4,] -0.013 -0.019  0.000 -0.024 -0.023 -0.018 -0.016 -0.022  0.000  0.000
 [5,]  0.000 -0.014 -0.017  0.000  0.000  0.000 -0.041 -0.030 -0.015  0.000
 [6,] -0.027  0.000 -0.030 -0.034 -0.019 -0.032  0.000  0.000 -0.044 -0.036
 [7,] -0.020 -0.026 -0.033  0.000 -0.031  0.000  0.000 -0.015  0.000  0.000
 [8,] -0.046 -0.044  0.000 -0.037 -0.044 -0.023 -0.049  0.000 -0.021  0.000
 [9,] -0.036 -0.013 -0.033 -0.037 -0.038 -0.013 -0.028 -0.015 -0.035 -0.034
[10,] -0.016 -0.039 -0.028 -0.030 -0.019 -0.021 -0.031 -0.045 -0.034 -0.035
[11,]  0.000 -0.012  0.000 -0.031  0.000 -0.047 -0.042  0.000 -0.013 -0.017
[12,] -0.012  0.000  0.000 -0.026 -0.033 -0.023 -0.010  0.000 -0.023 -0.044
[13,]  0.000  0.000  0.000  0.000  0.000 -0.011 -0.033  0.000 -0.036 -0.030
[14,] -0.031 -0.026  0.000  0.000 -0.039 -0.018 -0.045 -0.043 -0.036  0.000
[15,]  0.000 -0.033  0.000 -0.039  0.000 -0.043  0.000  0.000 -0.013  0.000
[16,] -0.047 -0.023 -0.011 -0.018 -0.043  0.000  0.000 -0.017  0.000  0.000
[17,] -0.042 -0.010 -0.033 -0.045  0.000  0.000  0.000 -0.048 -0.038 -0.011
[18,]  0.000  0.000  0.000 -0.043  0.000 -0.017 -0.048  0.000  0.000 -0.044
[19,] -0.013 -0.023 -0.036 -0.036 -0.013  0.000 -0.038  0.000  0.000 -0.031
[20,] -0.017 -0.044 -0.030  0.000  0.000  0.000 -0.011 -0.044 -0.031  0.000
[1] "The mean effective sample size is"
[1] 9480.401
[1] "The mean effective sample size without burnin is"
[1] 3174.053
