[1] "Convergence check with the Rubin-Gelman diagnostic"
[1] "All chains converged."
[1] "Convergence check with the acf diagnostic"
[1] "This is the mean correlation matrix of the chosen samples, adjusted for autocorretion"
        V1     V2 V3     V4     V5 V6     V7     V8     V9    V10
V1   1.000  0.000 NA  0.000 -0.011 NA -0.007 -0.021  0.006 -0.009
V2   0.000  1.000 NA  0.000 -0.012 NA -0.020  0.005 -0.010  0.005
V3      NA     NA  1     NA     NA NA     NA     NA     NA     NA
V4   0.000  0.000 NA  1.000  0.005 NA -0.003  0.005  0.011 -0.035
V5  -0.011 -0.012 NA  0.005  1.000 NA -0.011  0.003  0.015  0.013
V6      NA     NA NA     NA     NA  1     NA     NA     NA     NA
V7  -0.007 -0.020 NA -0.003 -0.011 NA  1.000 -0.019 -0.015 -0.011
V8  -0.021  0.005 NA  0.005  0.003 NA -0.019  1.000  0.000  0.004
V9   0.006 -0.010 NA  0.011  0.015 NA -0.015  0.000  1.000 -0.009
V10 -0.009  0.005 NA -0.035  0.013 NA -0.011  0.004 -0.009  1.000
[1] "The counts generated in the last step look as follows:"
      [,1] [,2] [,3] [,4] [,5] [,6]
 [1,]    0    0    0    0    0    0
 [2,]    0    0    0    0    0    0
 [3,]    0    0    0    0    0    0
 [4,]    0    0    0    0    0    0
 [5,]  148  139  146  152  126  147
 [6,]    0    0    0    0    0    0
 [7,]  153  144  147  148  155  132
 [8,]  144  164  145  128  153  126
 [9,]  150  147  155  136  162  121
[10,]  152  160  167  151  147  154
[1] "The data was created with a eta of"
 [1] 5 5 5 5 5 5 5 5 5 5
[1] "The data was created with the following theta matrix:"
        [,1]   [,2]   [,3]   [,4]   [,5]   [,6]   [,7]   [,8] [,9]  [,10]
 [1,]  0.000  0.000  0.000  0.000  0.000 -0.080  0.000 -0.092  0.0  0.000
 [2,]  0.000  0.000 -0.089  0.000  0.000 -0.082 -0.088  0.000  0.0  0.000
 [3,]  0.000 -0.089  0.000  0.000  0.000  0.000 -0.084 -0.051 -0.1 -0.074
 [4,]  0.000  0.000  0.000  0.000  0.000  0.000  0.000  0.000  0.0 -0.096
 [5,]  0.000  0.000  0.000  0.000  0.000 -0.077  0.000  0.000  0.0  0.000
 [6,] -0.080 -0.082  0.000  0.000 -0.077  0.000 -0.064 -0.064  0.0 -0.072
 [7,]  0.000 -0.088 -0.084  0.000  0.000 -0.064  0.000  0.000  0.0  0.000
 [8,] -0.092  0.000 -0.051  0.000  0.000 -0.064  0.000  0.000  0.0  0.000
 [9,]  0.000  0.000 -0.100  0.000  0.000  0.000  0.000  0.000  0.0  0.000
[10,]  0.000  0.000 -0.074 -0.096  0.000 -0.072  0.000  0.000  0.0  0.000
[1] "The mean effective sample size is"
[1] 100010.8
[1] "The mean effective sample size without burnin is"
[1] 39768.98
