[1] "Convergence check with the Rubin-Gelman diagnostic"
[1] "All chains converged."
[1] "Convergence check with the acf diagnostic"
[1] "All chains converged."
[1] "This is the mean covariance matrix of the last 1000 iterations"
              [,1]        [,2]         [,3]        [,4]        [,5]        [,6]
 [1,]  0.641289554  0.23220275  0.066803711 -0.21480840  0.01271004 -0.01634346
 [2,]  0.232202755  0.33497526  0.012695844 -0.11482380  0.08176060 -0.06792253
 [3,]  0.066803711  0.01269584  0.196345902 -0.06877166 -0.06560518 -0.05750973
 [4,] -0.214808401 -0.11482380 -0.068771659  0.20073069 -0.16878960  0.03146114
 [5,]  0.012710043  0.08176060 -0.065605176 -0.16878960  0.90427897 -0.14321018
 [6,] -0.016343457 -0.06792253 -0.057509730  0.03146114 -0.14321018  0.37178684
 [7,] -0.212926174 -0.01474591 -0.107924388  0.12795838 -0.21189363 -0.14584130
 [8,] -0.071910117 -0.05216992 -0.021604591  0.06180417 -0.09149650 -0.02155769
 [9,] -0.299648434 -0.16970584 -0.001054161  0.05991978  0.17890279 -0.13753847
[10,]  0.004976433 -0.03014904  0.033027828 -0.07331658 -0.04273334  0.05578004
             [,7]        [,8]         [,9]        [,10]
 [1,] -0.21292617 -0.07191012 -0.299648434  0.004976433
 [2,] -0.01474591 -0.05216992 -0.169705844 -0.030149038
 [3,] -0.10792439 -0.02160459 -0.001054161  0.033027828
 [4,]  0.12795838  0.06180417  0.059919784 -0.073316585
 [5,] -0.21189363 -0.09149650  0.178902787 -0.042733344
 [6,] -0.14584130 -0.02155769 -0.137538469  0.055780039
 [7,]  0.62096647  0.13611441 -0.037836715 -0.079992691
 [8,]  0.13611441  0.11340858 -0.038170393 -0.026017464
 [9,] -0.03783672 -0.03817039  0.774726905 -0.089650905
[10,] -0.07999269 -0.02601746 -0.089650905  0.375978206
[1] "The data was created with a eta of"
 [1] 1 1 1 1 1 1 1 1 1 1
[1] "The mean effective sample size is"
[1] 5376.118
[1] "The mean effective sample size without burnin is"
[1] 2686.097
