[1] "Convergence check with the Rubin-Gelman diagnostic"
[1] "All chains converged."
[1] "Convergence check with the acf diagnostic"
[1] "Chains that did not converge: X_10 chain 4 did not converge, the last acf value, lag 32 is 0.0549442695355789 and should be smaller than 0.05"
[1] "This is the mean covariance matrix of the last 1000 iterations"
             [,1]        [,2]        [,3]        [,4]       [,5]        [,6]
 [1,]  0.62739503 -0.13088239  0.12583025 -0.18998829  0.3871634 -0.06395479
 [2,] -0.13088239  1.72924307 -0.33496681 -0.62581617  0.5978337 -0.39499689
 [3,]  0.12583025 -0.33496681  1.09966279 -0.25000124 -0.2481836 -0.01652185
 [4,] -0.18998829 -0.62581617 -0.25000124  1.77454952 -0.6750726 -0.04772020
 [5,]  0.38716338  0.59783366 -0.24818360 -0.67507262  1.4938438 -0.29865617
 [6,] -0.06395479 -0.39499689 -0.01652185 -0.04772020 -0.2986562  0.86501729
 [7,]  0.23292819  0.69040685 -0.22571430 -0.51052910  0.3034594  0.01999189
 [8,] -0.23324925  0.07054650  0.10787326 -0.09696925 -0.4289209 -0.23124373
 [9,]  0.02887524  0.03945529 -0.22391488 -0.47850167  0.2966035  0.32416520
[10,] -0.22761004  0.48235906  0.06208468 -0.27239906  0.5279916 -0.32795893
             [,7]         [,8]        [,9]        [,10]
 [1,]  0.23292819 -0.233249252  0.02887524 -0.227610043
 [2,]  0.69040685  0.070546496  0.03945529  0.482359057
 [3,] -0.22571430  0.107873258 -0.22391488  0.062084676
 [4,] -0.51052910 -0.096969254 -0.47850167 -0.272399059
 [5,]  0.30345936 -0.428920929  0.29660346  0.527991553
 [6,]  0.01999189 -0.231243725  0.32416520 -0.327958930
 [7,]  1.01846583 -0.161765554  0.29712143 -0.235521021
 [8,] -0.16176555  1.120216526 -0.30862665  0.002021449
 [9,]  0.29712143 -0.308626651  2.07288719 -0.173194284
[10,] -0.23552102  0.002021449 -0.17319428  1.433754247
[1] "The data was created with a eta of"
 [1] 1 1 1 1 1 1 1 1 1 1
[1] "The mean effective sample size is"
[1] 2809.586
