[1] "Convergence check with the Rubin-Gelman diagnostic"
[1] "All chains converged."
[1] "Convergence check with the acf diagnostic"
[1] "All chains converged."
[1] "This is the mean covariance matrix of the last 1000 iterations"
              [,1]          [,2]        [,3]        [,4]         [,5]
 [1,]  0.772127567 -0.0433989272 -0.05288583  0.08094217  0.108568178
 [2,] -0.043398927  0.0846776640 -0.01094561 -0.02637940  0.002239016
 [3,] -0.052885835 -0.0109456091  0.38161278 -0.08686419  0.096226364
 [4,]  0.080942167 -0.0263794045 -0.08686419  0.45942412 -0.019832713
 [5,]  0.108568178  0.0022390157  0.09622636 -0.01983271  0.509997466
 [6,] -0.165840821 -0.0483347369 -0.05867421  0.05079185 -0.250222460
 [7,] -0.104403379 -0.0005436832 -0.01696575 -0.01316877 -0.057218849
 [8,] -0.107736322 -0.0276797066 -0.11436470 -0.09703359 -0.150930713
 [9,] -0.030624915 -0.0227274208 -0.13363311 -0.03508442 -0.006285541
[10,]  0.003495141  0.0400806057 -0.03569217 -0.13371472  0.033004317
             [,6]          [,7]        [,8]         [,9]        [,10]
 [1,] -0.16584082 -0.1044033787 -0.10773632 -0.030624915  0.003495141
 [2,] -0.04833474 -0.0005436832 -0.02767971 -0.022727421  0.040080606
 [3,] -0.05867421 -0.0169657459 -0.11436470 -0.133633108 -0.035692168
 [4,]  0.05079185 -0.0131687739 -0.09703359 -0.035084423 -0.133714719
 [5,] -0.25022246 -0.0572188491 -0.15093071 -0.006285541  0.033004317
 [6,]  0.61753361  0.1549791222  0.15368633  0.182997125 -0.318398353
 [7,]  0.15497912  0.2013332562 -0.09332638  0.289960377 -0.136829387
 [8,]  0.15368633 -0.0933263776  0.56420685 -0.324820777 -0.080410501
 [9,]  0.18299712  0.2899603769 -0.32482078  0.854875797 -0.167497612
[10,] -0.31839835 -0.1368293869 -0.08041050 -0.167497612  0.622927459
[1] "The data was created with a eta of"
 [1] 1 1 1 1 1 1 1 1 1 1
[1] "The mean effective sample size is"
[1] 4737.868
[1] "The mean effective sample size without burnin is"
[1] 2350.576
