[1] "Convergence check with the Rubin-Gelman diagnostic"
[1] "All chains converged."
[1] "Convergence check with the acf diagnostic"
[1] "All chains converged."
[1] "This is the mean correlation matrix of the last 1000 iterations"
        [,1] [,2]   [,3]   [,4]   [,5]   [,6]   [,7]   [,8]   [,9]  [,10] [,11]
 [1,]  1.000   NA -0.184 -0.077 -0.434 -0.099  0.366  0.236  0.531  0.108    NA
 [2,]     NA    1     NA     NA     NA     NA     NA     NA     NA     NA    NA
 [3,] -0.184   NA  1.000  0.367 -0.009 -0.349 -0.436 -0.276  0.144 -0.006    NA
 [4,] -0.077   NA  0.367  1.000 -0.098 -0.094 -0.276 -0.047  0.177  0.477    NA
 [5,] -0.434   NA -0.009 -0.098  1.000 -0.146 -0.513 -0.319 -0.215  0.024    NA
 [6,] -0.099   NA -0.349 -0.094 -0.146  1.000 -0.100  0.162  0.007 -0.085    NA
 [7,]  0.366   NA -0.436 -0.276 -0.513 -0.100  1.000  0.361 -0.097 -0.078    NA
 [8,]  0.236   NA -0.276 -0.047 -0.319  0.162  0.361  1.000 -0.086 -0.358    NA
 [9,]  0.531   NA  0.144  0.177 -0.215  0.007 -0.097 -0.086  1.000  0.343    NA
[10,]  0.108   NA -0.006  0.477  0.024 -0.085 -0.078 -0.358  0.343  1.000    NA
[11,]     NA   NA     NA     NA     NA     NA     NA     NA     NA     NA     1
[12,] -0.218   NA -0.207 -0.315  0.511 -0.079  0.074 -0.283 -0.359  0.051    NA
[13,]     NA   NA     NA     NA     NA     NA     NA     NA     NA     NA    NA
[14,] -0.047   NA -0.176 -0.367 -0.276  0.300  0.305  0.267 -0.233 -0.229    NA
[15,] -0.118   NA  0.181  0.429 -0.441 -0.120  0.170  0.114 -0.080  0.191    NA
[16,] -0.359   NA  0.254  0.047  0.108 -0.012  0.014  0.213 -0.481 -0.203    NA
[17,] -0.068   NA  0.229 -0.059 -0.142  0.085 -0.090  0.256 -0.069 -0.622    NA
[18,] -0.254   NA -0.117 -0.064  0.509  0.249 -0.196  0.082 -0.369 -0.441    NA
[19,] -0.035   NA -0.290 -0.256 -0.089  0.171  0.381  0.603 -0.415 -0.362    NA
[20,]  0.374   NA  0.041  0.227 -0.525  0.035  0.260  0.346  0.235  0.370    NA
[21,]  0.630   NA  0.201  0.225 -0.387  0.069 -0.003  0.179  0.604 -0.010    NA
[22,]  0.231   NA  0.043  0.381  0.028 -0.194 -0.063 -0.210  0.496  0.555    NA
[23,]  0.040   NA -0.189 -0.184 -0.002 -0.055  0.127  0.594 -0.428 -0.455    NA
[24,]     NA   NA     NA     NA     NA     NA     NA     NA     NA     NA    NA
[25,]  0.099   NA  0.390  0.000 -0.363 -0.480  0.290 -0.186  0.145  0.191    NA
[26,]  0.176   NA -0.288 -0.231  0.180  0.221 -0.069  0.290 -0.258 -0.435    NA
[27,] -0.052   NA  0.252  0.088  0.144  0.359 -0.548 -0.296  0.372  0.064    NA
[28,]  0.054   NA -0.334 -0.382  0.211  0.398  0.093  0.156 -0.233 -0.142    NA
[29,] -0.481   NA  0.222  0.147  0.084 -0.386 -0.013 -0.003 -0.465 -0.063    NA
[30,]  0.224   NA  0.104  0.243 -0.412  0.294 -0.181  0.029  0.266 -0.174    NA
[31,] -0.395   NA -0.123 -0.159  0.173 -0.194  0.008 -0.290 -0.308 -0.185    NA
[32,]  0.323   NA -0.075 -0.122 -0.076 -0.574  0.295  0.158  0.193  0.280    NA
[33,] -0.205   NA  0.332  0.482 -0.197 -0.144 -0.138 -0.078  0.132  0.490    NA
[34,]  0.156   NA  0.221  0.108  0.291 -0.205 -0.303 -0.180  0.151 -0.209    NA
[35,]  0.009   NA -0.356 -0.342 -0.072  0.262  0.139 -0.315  0.149  0.179    NA
[36,]  0.124   NA  0.232  0.097  0.001  0.263 -0.301  0.060  0.332 -0.204    NA
[37,]  0.065   NA  0.037  0.382  0.111 -0.036 -0.359 -0.264  0.596  0.574    NA
[38,] -0.247   NA -0.318 -0.406  0.368  0.089  0.177 -0.063 -0.449 -0.466    NA
[39,]  0.211   NA  0.147  0.230 -0.050 -0.101 -0.101  0.010  0.432  0.397    NA
[40,]  0.191   NA -0.419 -0.415  0.176  0.110  0.268 -0.180  0.207 -0.096    NA
[41,] -0.225   NA  0.204  0.198 -0.276  0.027  0.219 -0.096 -0.308 -0.136    NA
[42,] -0.084   NA  0.212  0.455 -0.615  0.049  0.188  0.261  0.104  0.025    NA
[43,]  0.283   NA  0.273  0.527 -0.010  0.015 -0.415 -0.296  0.410  0.328    NA
[44,] -0.131   NA -0.028 -0.616  0.287  0.040 -0.019 -0.063 -0.287 -0.445    NA
[45,] -0.191   NA  0.275 -0.014 -0.193 -0.064  0.080  0.187 -0.367 -0.559    NA
[46,] -0.233   NA  0.567  0.213  0.187 -0.559 -0.246 -0.155 -0.047 -0.306    NA
[47,] -0.078   NA  0.269  0.002 -0.360 -0.232  0.034  0.026  0.349  0.115    NA
[48,] -0.236   NA -0.324 -0.057  0.638 -0.027 -0.105 -0.106 -0.470  0.075    NA
[49,]  0.052   NA  0.293  0.554 -0.060  0.001 -0.310 -0.211  0.216  0.214    NA
[50,]  0.017   NA -0.256 -0.165  0.076  0.333  0.098  0.235 -0.318 -0.529    NA
       [,12] [,13]  [,14]  [,15]  [,16]  [,17]  [,18]  [,19]  [,20]  [,21]
 [1,] -0.218    NA -0.047 -0.118 -0.359 -0.068 -0.254 -0.035  0.374  0.630
 [2,]     NA    NA     NA     NA     NA     NA     NA     NA     NA     NA
 [3,] -0.207    NA -0.176  0.181  0.254  0.229 -0.117 -0.290  0.041  0.201
 [4,] -0.315    NA -0.367  0.429  0.047 -0.059 -0.064 -0.256  0.227  0.225
 [5,]  0.511    NA -0.276 -0.441  0.108 -0.142  0.509 -0.089 -0.525 -0.387
 [6,] -0.079    NA  0.300 -0.120 -0.012  0.085  0.249  0.171  0.035  0.069
 [7,]  0.074    NA  0.305  0.170  0.014 -0.090 -0.196  0.381  0.260 -0.003
 [8,] -0.283    NA  0.267  0.114  0.213  0.256  0.082  0.603  0.346  0.179
 [9,] -0.359    NA -0.233 -0.080 -0.481 -0.069 -0.369 -0.415  0.235  0.604
[10,]  0.051    NA -0.229  0.191 -0.203 -0.622 -0.441 -0.362  0.370 -0.010
[11,]     NA    NA     NA     NA     NA     NA     NA     NA     NA     NA
[12,]  1.000    NA  0.028 -0.187  0.342 -0.428  0.405  0.069 -0.512 -0.354
[13,]     NA     1     NA     NA     NA     NA     NA     NA     NA     NA
[14,]  0.028    NA  1.000  0.038  0.041  0.167  0.046  0.677  0.272  0.111
[15,] -0.187    NA  0.038  1.000  0.195 -0.015 -0.430 -0.182  0.305 -0.032
[16,]  0.342    NA  0.041  0.195  1.000 -0.002  0.149  0.186 -0.123 -0.123
[17,] -0.428    NA  0.167 -0.015 -0.002  1.000  0.179  0.214  0.069  0.258
[18,]  0.405    NA  0.046 -0.430  0.149  0.179  1.000  0.377 -0.564 -0.118
[19,]  0.069    NA  0.677 -0.182  0.186  0.214  0.377  1.000  0.132 -0.029
[20,] -0.512    NA  0.272  0.305 -0.123  0.069 -0.564  0.132  1.000  0.309
[21,] -0.354    NA  0.111 -0.032 -0.123  0.258 -0.118 -0.029  0.309  1.000
[22,] -0.125    NA -0.332 -0.241 -0.306 -0.306 -0.235 -0.272  0.205  0.261
[23,] -0.041    NA  0.178  0.164  0.202  0.185  0.212  0.405  0.005 -0.105
[24,]     NA    NA     NA     NA     NA     NA     NA     NA     NA     NA
[25,] -0.135    NA -0.029  0.078  0.079 -0.107 -0.541 -0.114  0.301  0.033
[26,]  0.218    NA  0.133 -0.367  0.176  0.205  0.543  0.377 -0.183  0.218
[27,] -0.292    NA -0.153 -0.224 -0.261 -0.017  0.123 -0.330  0.002  0.074
[28,]  0.337    NA  0.391 -0.291  0.188 -0.007  0.338  0.362  0.003  0.030
[29,] -0.030    NA -0.119  0.284  0.341 -0.078 -0.156 -0.070 -0.077 -0.404
[30,] -0.438    NA  0.078  0.329 -0.266  0.287  0.036 -0.123 -0.040  0.400
[31,]  0.230    NA -0.215  0.245 -0.018  0.034  0.009 -0.342 -0.432 -0.466
[32,] -0.121    NA -0.193 -0.022 -0.283 -0.257 -0.479 -0.038  0.280 -0.093
[33,] -0.449    NA -0.190  0.559  0.052 -0.038 -0.620 -0.330  0.530 -0.073
[34,]  0.133    NA -0.672 -0.326  0.046  0.173  0.293 -0.336 -0.502  0.182
[35,]  0.192    NA  0.257 -0.121 -0.546 -0.343 -0.017 -0.005 -0.118 -0.281
[36,] -0.242    NA  0.418 -0.299 -0.232  0.366  0.356  0.260 -0.018  0.580
[37,] -0.260    NA -0.567 -0.038 -0.409 -0.290 -0.295 -0.576  0.095  0.018
[38,]  0.512    NA  0.199 -0.343 -0.013  0.013  0.689  0.396 -0.644 -0.366
[39,] -0.311    NA -0.526 -0.091 -0.036 -0.096 -0.443 -0.413  0.251  0.203
[40,]  0.138    NA  0.020 -0.609 -0.551  0.075  0.266  0.111 -0.163 -0.115
[41,]  0.052    NA  0.173  0.344  0.192 -0.075  0.180  0.132 -0.148 -0.188
[42,] -0.555    NA  0.200  0.612  0.003  0.221 -0.299  0.041  0.407  0.197
[43,] -0.163    NA -0.516 -0.087 -0.033  0.017 -0.049 -0.522  0.070  0.505
[44,]  0.445    NA  0.061 -0.603  0.275 -0.040  0.346  0.121 -0.476 -0.180
[45,] -0.023    NA  0.058  0.323  0.633  0.429  0.097  0.096 -0.241  0.110
[46,] -0.082    NA -0.508  0.018  0.261  0.307  0.082 -0.319 -0.370  0.036
[47,] -0.380    NA  0.051  0.341 -0.107  0.068 -0.707 -0.268  0.308  0.077
[48,]  0.458    NA -0.144 -0.371 -0.002 -0.350  0.514  0.153 -0.393 -0.561
[49,] -0.145    NA  0.146  0.185 -0.263 -0.053  0.171 -0.021  0.034  0.292
[50,]  0.207    NA  0.102 -0.129  0.136  0.407  0.635  0.333 -0.242  0.030
       [,22]  [,23] [,24]  [,25]  [,26]  [,27]  [,28]  [,29]  [,30]  [,31]
 [1,]  0.231  0.040    NA  0.099  0.176 -0.052  0.054 -0.481  0.224 -0.395
 [2,]     NA     NA    NA     NA     NA     NA     NA     NA     NA     NA
 [3,]  0.043 -0.189    NA  0.390 -0.288  0.252 -0.334  0.222  0.104 -0.123
 [4,]  0.381 -0.184    NA  0.000 -0.231  0.088 -0.382  0.147  0.243 -0.159
 [5,]  0.028 -0.002    NA -0.363  0.180  0.144  0.211  0.084 -0.412  0.173
 [6,] -0.194 -0.055    NA -0.480  0.221  0.359  0.398 -0.386  0.294 -0.194
 [7,] -0.063  0.127    NA  0.290 -0.069 -0.548  0.093 -0.013 -0.181  0.008
 [8,] -0.210  0.594    NA -0.186  0.290 -0.296  0.156 -0.003  0.029 -0.290
 [9,]  0.496 -0.428    NA  0.145 -0.258  0.372 -0.233 -0.465  0.266 -0.308
[10,]  0.555 -0.455    NA  0.191 -0.435  0.064 -0.142 -0.063 -0.174 -0.185
[11,]     NA     NA    NA     NA     NA     NA     NA     NA     NA     NA
[12,] -0.125 -0.041    NA -0.135  0.218 -0.292  0.337 -0.030 -0.438  0.230
[13,]     NA     NA    NA     NA     NA     NA     NA     NA     NA     NA
[14,] -0.332  0.178    NA -0.029  0.133 -0.153  0.391 -0.119  0.078 -0.215
[15,] -0.241  0.164    NA  0.078 -0.367 -0.224 -0.291  0.284  0.329  0.245
[16,] -0.306  0.202    NA  0.079  0.176 -0.261  0.188  0.341 -0.266 -0.018
[17,] -0.306  0.185    NA -0.107  0.205 -0.017 -0.007 -0.078  0.287  0.034
[18,] -0.235  0.212    NA -0.541  0.543  0.123  0.338 -0.156  0.036  0.009
[19,] -0.272  0.405    NA -0.114  0.377 -0.330  0.362 -0.070 -0.123 -0.342
[20,]  0.205  0.005    NA  0.301 -0.183  0.002  0.003 -0.077 -0.040 -0.432
[21,]  0.261 -0.105    NA  0.033  0.218  0.074  0.030 -0.404  0.400 -0.466
[22,]  1.000 -0.644    NA  0.379 -0.111 -0.014 -0.355 -0.124 -0.224 -0.304
[23,] -0.644  1.000    NA -0.431  0.360 -0.247  0.364  0.316  0.056  0.200
[24,]     NA     NA     1     NA     NA     NA     NA     NA     NA     NA
[25,]  0.379 -0.431    NA  1.000 -0.405 -0.136 -0.510  0.290 -0.328 -0.096
[26,] -0.111  0.360    NA -0.405  1.000 -0.052  0.409 -0.195  0.121 -0.122
[27,] -0.014 -0.247    NA -0.136 -0.052  1.000 -0.053 -0.249  0.326 -0.144
[28,] -0.355  0.364    NA -0.510  0.409 -0.053  1.000 -0.269 -0.119 -0.126
[29,] -0.124  0.316    NA  0.290 -0.195 -0.249 -0.269  1.000 -0.361  0.441
[30,] -0.224  0.056    NA -0.328  0.121  0.326 -0.119 -0.361  1.000 -0.017
[31,] -0.304  0.200    NA -0.096 -0.122 -0.144 -0.126  0.441 -0.017  1.000
[32,]  0.234  0.201    NA  0.307 -0.333 -0.338 -0.099  0.173 -0.374  0.092
[33,]  0.026 -0.076    NA  0.199 -0.580  0.164 -0.283  0.275  0.022  0.006
[34,]  0.107 -0.059    NA -0.189  0.257  0.031 -0.099 -0.188  0.064  0.029
[35,]  0.035 -0.336    NA -0.006 -0.300  0.173  0.020 -0.411  0.067  0.071
[36,]  0.087 -0.103    NA -0.215  0.231  0.319  0.104 -0.421  0.431 -0.394
[37,]  0.540 -0.508    NA  0.077 -0.373  0.472 -0.429 -0.179  0.110 -0.057
[38,] -0.376  0.281    NA -0.424  0.308 -0.166  0.376  0.024 -0.108  0.236
[39,]  0.410 -0.157    NA  0.143 -0.366 -0.026 -0.067  0.050 -0.231 -0.084
[40,]  0.284 -0.358    NA -0.023  0.072  0.082  0.128 -0.468 -0.170  0.005
[41,] -0.125 -0.147    NA  0.283 -0.108 -0.005 -0.389  0.278  0.214  0.073
[42,]  0.073  0.046    NA  0.260 -0.231 -0.041 -0.398  0.282  0.355  0.124
[43,]  0.513 -0.435    NA -0.027  0.144  0.240 -0.193 -0.314  0.271 -0.241
[44,] -0.108  0.034    NA  0.122  0.323 -0.083  0.228  0.120 -0.412  0.135
[45,] -0.477  0.291    NA  0.009  0.133 -0.316 -0.024  0.259  0.180  0.217
[46,] -0.015  0.099    NA  0.170 -0.031 -0.054 -0.358  0.445 -0.043  0.314
[47,]  0.181 -0.198    NA  0.551 -0.511 -0.093 -0.461  0.343 -0.077  0.100
[48,]  0.012  0.201    NA -0.345  0.254 -0.063  0.189  0.213 -0.372  0.098
[49,]  0.266 -0.208    NA -0.076  0.009  0.256 -0.282 -0.126  0.467 -0.164
[50,] -0.413  0.314    NA -0.469  0.592  0.034  0.341 -0.375  0.197  0.031
       [,32]  [,33]  [,34]  [,35]  [,36]  [,37]  [,38]  [,39]  [,40]  [,41]
 [1,]  0.323 -0.205  0.156  0.009  0.124  0.065 -0.247  0.211  0.191 -0.225
 [2,]     NA     NA     NA     NA     NA     NA     NA     NA     NA     NA
 [3,] -0.075  0.332  0.221 -0.356  0.232  0.037 -0.318  0.147 -0.419  0.204
 [4,] -0.122  0.482  0.108 -0.342  0.097  0.382 -0.406  0.230 -0.415  0.198
 [5,] -0.076 -0.197  0.291 -0.072  0.001  0.111  0.368 -0.050  0.176 -0.276
 [6,] -0.574 -0.144 -0.205  0.262  0.263 -0.036  0.089 -0.101  0.110  0.027
 [7,]  0.295 -0.138 -0.303  0.139 -0.301 -0.359  0.177 -0.101  0.268  0.219
 [8,]  0.158 -0.078 -0.180 -0.315  0.060 -0.264 -0.063  0.010 -0.180 -0.096
 [9,]  0.193  0.132  0.151  0.149  0.332  0.596 -0.449  0.432  0.207 -0.308
[10,]  0.280  0.490 -0.209  0.179 -0.204  0.574 -0.466  0.397 -0.096 -0.136
[11,]     NA     NA     NA     NA     NA     NA     NA     NA     NA     NA
[12,] -0.121 -0.449  0.133  0.192 -0.242 -0.260  0.512 -0.311  0.138  0.052
[13,]     NA     NA     NA     NA     NA     NA     NA     NA     NA     NA
[14,] -0.193 -0.190 -0.672  0.257  0.418 -0.567  0.199 -0.526  0.020  0.173
[15,] -0.022  0.559 -0.326 -0.121 -0.299 -0.038 -0.343 -0.091 -0.609  0.344
[16,] -0.283  0.052  0.046 -0.546 -0.232 -0.409 -0.013 -0.036 -0.551  0.192
[17,] -0.257 -0.038  0.173 -0.343  0.366 -0.290  0.013 -0.096  0.075 -0.075
[18,] -0.479 -0.620  0.293 -0.017  0.356 -0.295  0.689 -0.443  0.266  0.180
[19,] -0.038 -0.330 -0.336 -0.005  0.260 -0.576  0.396 -0.413  0.111  0.132
[20,]  0.280  0.530 -0.502 -0.118 -0.018  0.095 -0.644  0.251 -0.163 -0.148
[21,] -0.093 -0.073  0.182 -0.281  0.580  0.018 -0.366  0.203 -0.115 -0.188
[22,]  0.234  0.026  0.107  0.035  0.087  0.540 -0.376  0.410  0.284 -0.125
[23,]  0.201 -0.076 -0.059 -0.336 -0.103 -0.508  0.281 -0.157 -0.358 -0.147
[24,]     NA     NA     NA     NA     NA     NA     NA     NA     NA     NA
[25,]  0.307  0.199 -0.189 -0.006 -0.215  0.077 -0.424  0.143 -0.023  0.283
[26,] -0.333 -0.580  0.257 -0.300  0.231 -0.373  0.308 -0.366  0.072 -0.108
[27,] -0.338  0.164  0.031  0.173  0.319  0.472 -0.166 -0.026  0.082 -0.005
[28,] -0.099 -0.283 -0.099  0.020  0.104 -0.429  0.376 -0.067  0.128 -0.389
[29,]  0.173  0.275 -0.188 -0.411 -0.421 -0.179  0.024  0.050 -0.468  0.278
[30,] -0.374  0.022  0.064  0.067  0.431  0.110 -0.108 -0.231 -0.170  0.214
[31,]  0.092  0.006  0.029  0.071 -0.394 -0.057  0.236 -0.084  0.005  0.073
[32,]  1.000  0.216 -0.040  0.036 -0.350  0.175 -0.203  0.502  0.078 -0.438
[33,]  0.216  1.000 -0.214 -0.223 -0.283  0.403 -0.614  0.420 -0.498 -0.127
[34,] -0.040 -0.214  1.000 -0.336  0.014  0.148  0.141  0.277  0.079 -0.257
[35,]  0.036 -0.223 -0.336  1.000  0.059  0.139  0.240 -0.269  0.528  0.126
[36,] -0.350 -0.283  0.014  0.059  1.000 -0.084  0.042 -0.222  0.125 -0.015
[37,]  0.175  0.403  0.148  0.139 -0.084  1.000 -0.480  0.466  0.114 -0.260
[38,] -0.203 -0.614  0.141  0.240  0.042 -0.480  1.000 -0.471  0.420  0.222
[39,]  0.502  0.420  0.277 -0.269 -0.222  0.466 -0.471  1.000 -0.088 -0.515
[40,]  0.078 -0.498  0.079  0.528  0.125  0.114  0.420 -0.088  1.000 -0.113
[41,] -0.438 -0.127 -0.257  0.126 -0.015 -0.260  0.222 -0.515 -0.113  1.000
[42,] -0.064  0.380 -0.423 -0.115  0.152 -0.043 -0.375 -0.030 -0.342  0.419
[43,] -0.203  0.119  0.519 -0.293  0.179  0.470 -0.468  0.398 -0.105 -0.195
[44,] -0.047 -0.621  0.178  0.061  0.031 -0.402  0.365 -0.096  0.225  0.002
[45,] -0.298 -0.020  0.216 -0.440 -0.017 -0.577  0.051 -0.117 -0.460  0.255
[46,]  0.060  0.136  0.605 -0.557 -0.059  0.012  0.015  0.211 -0.267 -0.011
[47,]  0.288  0.424 -0.294  0.012 -0.098  0.196 -0.510  0.254 -0.239 -0.003
[48,] -0.018 -0.352  0.067  0.040 -0.179 -0.083  0.557 -0.216  0.229  0.078
[49,] -0.291 -0.059 -0.102  0.130  0.573  0.097 -0.045 -0.322 -0.081  0.423
[50,] -0.459 -0.420  0.291 -0.049  0.175 -0.421  0.410 -0.479  0.187  0.007
       [,42]  [,43]  [,44]  [,45]  [,46]  [,47]  [,48]  [,49]  [,50]
 [1,] -0.084  0.283 -0.131 -0.191 -0.233 -0.078 -0.236  0.052  0.017
 [2,]     NA     NA     NA     NA     NA     NA     NA     NA     NA
 [3,]  0.212  0.273 -0.028  0.275  0.567  0.269 -0.324  0.293 -0.256
 [4,]  0.455  0.527 -0.616 -0.014  0.213  0.002 -0.057  0.554 -0.165
 [5,] -0.615 -0.010  0.287 -0.193  0.187 -0.360  0.638 -0.060  0.076
 [6,]  0.049  0.015  0.040 -0.064 -0.559 -0.232 -0.027  0.001  0.333
 [7,]  0.188 -0.415 -0.019  0.080 -0.246  0.034 -0.105 -0.310  0.098
 [8,]  0.261 -0.296 -0.063  0.187 -0.155  0.026 -0.106 -0.211  0.235
 [9,]  0.104  0.410 -0.287 -0.367 -0.047  0.349 -0.470  0.216 -0.318
[10,]  0.025  0.328 -0.445 -0.559 -0.306  0.115  0.075  0.214 -0.529
[11,]     NA     NA     NA     NA     NA     NA     NA     NA     NA
[12,] -0.555 -0.163  0.445 -0.023 -0.082 -0.380  0.458 -0.145  0.207
[13,]     NA     NA     NA     NA     NA     NA     NA     NA     NA
[14,]  0.200 -0.516  0.061  0.058 -0.508  0.051 -0.144  0.146  0.102
[15,]  0.612 -0.087 -0.603  0.323  0.018  0.341 -0.371  0.185 -0.129
[16,]  0.003 -0.033  0.275  0.633  0.261 -0.107 -0.002 -0.263  0.136
[17,]  0.221  0.017 -0.040  0.429  0.307  0.068 -0.350 -0.053  0.407
[18,] -0.299 -0.049  0.346  0.097  0.082 -0.707  0.514  0.171  0.635
[19,]  0.041 -0.522  0.121  0.096 -0.319 -0.268  0.153 -0.021  0.333
[20,]  0.407  0.070 -0.476 -0.241 -0.370  0.308 -0.393  0.034 -0.242
[21,]  0.197  0.505 -0.180  0.110  0.036  0.077 -0.561  0.292  0.030
[22,]  0.073  0.513 -0.108 -0.477 -0.015  0.181  0.012  0.266 -0.413
[23,]  0.046 -0.435  0.034  0.291  0.099 -0.198  0.201 -0.208  0.314
[24,]     NA     NA     NA     NA     NA     NA     NA     NA     NA
[25,]  0.260 -0.027  0.122  0.009  0.170  0.551 -0.345 -0.076 -0.469
[26,] -0.231  0.144  0.323  0.133 -0.031 -0.511  0.254  0.009  0.592
[27,] -0.041  0.240 -0.083 -0.316 -0.054 -0.093 -0.063  0.256  0.034
[28,] -0.398 -0.193  0.228 -0.024 -0.358 -0.461  0.189 -0.282  0.341
[29,]  0.282 -0.314  0.120  0.259  0.445  0.343  0.213 -0.126 -0.375
[30,]  0.355  0.271 -0.412  0.180 -0.043 -0.077 -0.372  0.467  0.197
[31,]  0.124 -0.241  0.135  0.217  0.314  0.100  0.098 -0.164  0.031
[32,] -0.064 -0.203 -0.047 -0.298  0.060  0.288 -0.018 -0.291 -0.459
[33,]  0.380  0.119 -0.621 -0.020  0.136  0.424 -0.352 -0.059 -0.420
[34,] -0.423  0.519  0.178  0.216  0.605 -0.294  0.067 -0.102  0.291
[35,] -0.115 -0.293  0.061 -0.440 -0.557  0.012  0.040  0.130 -0.049
[36,]  0.152  0.179  0.031 -0.017 -0.059 -0.098 -0.179  0.573  0.175
[37,] -0.043  0.470 -0.402 -0.577  0.012  0.196 -0.083  0.097 -0.421
[38,] -0.375 -0.468  0.365  0.051  0.015 -0.510  0.557 -0.045  0.410
[39,] -0.030  0.398 -0.096 -0.117  0.211  0.254 -0.216 -0.322 -0.479
[40,] -0.342 -0.105  0.225 -0.460 -0.267 -0.239  0.229 -0.081  0.187
[41,]  0.419 -0.195  0.002  0.255 -0.011 -0.003  0.078  0.423  0.007
[42,]  1.000 -0.039 -0.401  0.247  0.073  0.455 -0.459  0.368 -0.123
[43,] -0.039  1.000 -0.205 -0.036  0.241 -0.159 -0.191  0.290 -0.034
[44,] -0.401 -0.205  1.000  0.198  0.128 -0.091  0.265 -0.351  0.127
[45,]  0.247 -0.036  0.198  1.000  0.485  0.017 -0.338 -0.159  0.307
[46,]  0.073  0.241  0.128  0.485  1.000  0.131 -0.116 -0.106  0.001
[47,]  0.455 -0.159 -0.091  0.017  0.131  1.000 -0.544 -0.102 -0.613
[48,] -0.459 -0.191  0.265 -0.338 -0.116 -0.544  1.000  0.031  0.118
[49,]  0.368  0.290 -0.351 -0.159 -0.106 -0.102  0.031  1.000 -0.085
[50,] -0.123 -0.034  0.127  0.307  0.001 -0.613  0.118 -0.085  1.000
[1] "The counts generated in the last step look as follows:"
      [,1] [,2] [,3] [,4] [,5] [,6]
 [1,]    4    3    5    2    1    3
 [2,]    0    0    1    0    2    0
 [3,]    5    5    7    8    9    3
 [4,]    2    1    5    3    2    0
 [5,]    1    3    2    1    4    5
 [6,]    3    6    2    2    2    1
 [7,]    5    2    2    4    0    4
 [8,]    3    1    0    0    0    0
 [9,]    1    2    5    2    2    1
[10,]    1    0    4    3    0    2
[11,]    0    2    3    1    0    4
[12,]    6    7    5    7    6   10
[13,]    1    1    1    3    1    1
[14,]    6    8    1    7    2    3
[15,]    3    0    2    4    2    0
[16,]    9    5    3    7    7    5
[17,]    8    9    6    4   11    3
[18,]    1    5    1    0    2    3
[19,]    2    2    0    1    0    1
[20,]    3    1    2    2    0    0
[21,]    3    3    4    2    2    1
[22,]    0    0    4    2    0    2
[23,]    6    5    4    4    5    5
[24,]    0    1    1    0    2    0
[25,]    2    1    2    4    2    2
[26,]    5    6    2    0    2    4
[27,]    1    4    3    2    3    1
[28,]    6    6    3    2    3    5
[29,]    5    2    2    6    6    5
[30,]    4    6    7    4    5    1
[31,]    5    4    4    6   10    9
[32,]    3    0    3    2    2    4
[33,]    2    0    2    2    2    0
[34,]    3    3    5    1    5    4
[35,]    0    3    2    3    1    3
[36,]    4    9    7    5    6    3
[37,]    0    1    6    2    3    2
[38,]    3    8    2    3    4    9
[39,]    5    2    6    3    5    4
[40,]    2    6    5    3    3    7
[41,]    1    2    1    4    1    1
[42,]   11    8   10   14   10    4
[43,]    1    1    6    0    2    0
[44,]    4    5    2    4    5    6
[45,]    7    4    3    5    7    3
[46,]    4    1    5    3   11    4
[47,]    3    1    3    6    5    2
[48,]    1    3    1    1    1    6
[49,]    1    6    8    7    3    2
[50,]    5    7    3    2    4    4
[1] "The data was created with a eta of"
 [1] 2 2 2 2 2 2 2 2 2 2 2 2 2 2 2 2 2 2 2 2 2 2 2 2 2 2 2 2 2 2 2 2 2 2 2 2 2 2
[39] 2 2 2 2 2 2 2 2 2 2 2 2
[1] "The data was created with the following theta matrix:"
        [,1]   [,2]   [,3]   [,4]   [,5]   [,6]   [,7]   [,8]   [,9]  [,10]
 [1,]  0.000  0.000  0.000  0.000 -0.081  0.000  0.000  0.000  0.000  0.000
 [2,]  0.000  0.000  0.000  0.000  0.000 -0.071 -0.068 -0.094  0.000  0.000
 [3,]  0.000  0.000  0.000  0.000 -0.059  0.000  0.000  0.000  0.000  0.000
 [4,]  0.000  0.000  0.000  0.000  0.000  0.000 -0.087  0.000  0.000  0.000
 [5,] -0.081  0.000 -0.059  0.000  0.000  0.000  0.000  0.000  0.000  0.000
 [6,]  0.000 -0.071  0.000  0.000  0.000  0.000  0.000  0.000  0.000  0.000
 [7,]  0.000 -0.068  0.000 -0.087  0.000  0.000  0.000  0.000  0.000 -0.092
 [8,]  0.000 -0.094  0.000  0.000  0.000  0.000  0.000  0.000  0.000  0.000
 [9,]  0.000  0.000  0.000  0.000  0.000  0.000  0.000  0.000  0.000  0.000
[10,]  0.000  0.000  0.000  0.000  0.000  0.000 -0.092  0.000  0.000  0.000
[11,]  0.000  0.000  0.000  0.000  0.000  0.000  0.000  0.000  0.000  0.000
[12,]  0.000  0.000  0.000  0.000  0.000  0.000 -0.058  0.000  0.000  0.000
[13,]  0.000  0.000  0.000  0.000  0.000  0.000  0.000  0.000  0.000 -0.074
[14,]  0.000  0.000  0.000  0.000  0.000  0.000  0.000  0.000 -0.057  0.000
[15,] -0.097  0.000  0.000  0.000  0.000  0.000  0.000  0.000  0.000  0.000
[16,]  0.000  0.000  0.000  0.000  0.000  0.000  0.000  0.000  0.000  0.000
[17,]  0.000  0.000  0.000  0.000  0.000  0.000  0.000  0.000  0.000  0.000
[18,] -0.098  0.000  0.000  0.000  0.000  0.000  0.000  0.000  0.000  0.000
[19,]  0.000  0.000  0.000  0.000  0.000  0.000  0.000  0.000 -0.077 -0.059
[20,]  0.000  0.000  0.000  0.000  0.000  0.000  0.000  0.000  0.000  0.000
[21,]  0.000  0.000  0.000  0.000  0.000  0.000  0.000  0.000  0.000  0.000
[22,]  0.000  0.000  0.000  0.000  0.000  0.000  0.000  0.000  0.000  0.000
[23,]  0.000 -0.064  0.000  0.000  0.000  0.000  0.000  0.000  0.000  0.000
[24,]  0.000  0.000  0.000  0.000  0.000 -0.074  0.000 -0.093  0.000  0.000
[25,]  0.000  0.000  0.000 -0.080  0.000  0.000  0.000 -0.090 -0.096 -0.081
[26,]  0.000  0.000  0.000 -0.090  0.000  0.000  0.000  0.000  0.000  0.000
[27,]  0.000  0.000  0.000  0.000 -0.074  0.000  0.000  0.000  0.000  0.000
[28,]  0.000  0.000  0.000  0.000  0.000  0.000  0.000  0.000  0.000  0.000
[29,]  0.000  0.000  0.000  0.000  0.000  0.000  0.000  0.000  0.000  0.000
[30,]  0.000 -0.064  0.000  0.000  0.000  0.000  0.000  0.000  0.000  0.000
[31,]  0.000 -0.056  0.000  0.000  0.000  0.000  0.000 -0.063  0.000  0.000
[32,]  0.000  0.000  0.000  0.000 -0.061 -0.094  0.000  0.000  0.000  0.000
[33,]  0.000  0.000  0.000  0.000  0.000 -0.074  0.000  0.000  0.000 -0.077
[34,]  0.000  0.000  0.000  0.000  0.000  0.000  0.000 -0.093  0.000  0.000
[35,]  0.000  0.000  0.000 -0.099  0.000  0.000  0.000  0.000  0.000  0.000
[36,] -0.068  0.000  0.000  0.000  0.000  0.000  0.000 -0.063  0.000  0.000
[37,]  0.000  0.000  0.000  0.000  0.000 -0.079  0.000  0.000  0.000  0.000
[38,]  0.000  0.000  0.000 -0.052  0.000  0.000  0.000  0.000  0.000 -0.058
[39,]  0.000  0.000  0.000  0.000  0.000  0.000  0.000  0.000  0.000  0.000
[40,]  0.000  0.000  0.000  0.000  0.000  0.000  0.000  0.000  0.000 -0.095
[41,]  0.000  0.000  0.000  0.000  0.000  0.000  0.000 -0.075 -0.086  0.000
[42,]  0.000  0.000  0.000  0.000  0.000  0.000  0.000  0.000  0.000  0.000
[43,]  0.000  0.000  0.000  0.000  0.000  0.000 -0.090  0.000  0.000  0.000
[44,]  0.000 -0.077  0.000  0.000  0.000  0.000  0.000  0.000  0.000  0.000
[45,]  0.000 -0.095  0.000  0.000  0.000  0.000  0.000  0.000  0.000  0.000
[46,]  0.000  0.000  0.000  0.000  0.000 -0.070  0.000  0.000  0.000  0.000
[47,]  0.000  0.000  0.000  0.000 -0.065  0.000  0.000 -0.069  0.000  0.000
[48,]  0.000 -0.090  0.000  0.000  0.000  0.000  0.000  0.000  0.000  0.000
[49,]  0.000  0.000  0.000  0.000  0.000  0.000 -0.090  0.000  0.000  0.000
[50,]  0.000  0.000  0.000  0.000  0.000 -0.061  0.000  0.000  0.000  0.000
       [,11]  [,12]  [,13]  [,14]  [,15]  [,16]  [,17]  [,18]  [,19]  [,20]
 [1,]  0.000  0.000  0.000  0.000 -0.097  0.000  0.000 -0.098  0.000  0.000
 [2,]  0.000  0.000  0.000  0.000  0.000  0.000  0.000  0.000  0.000  0.000
 [3,]  0.000  0.000  0.000  0.000  0.000  0.000  0.000  0.000  0.000  0.000
 [4,]  0.000  0.000  0.000  0.000  0.000  0.000  0.000  0.000  0.000  0.000
 [5,]  0.000  0.000  0.000  0.000  0.000  0.000  0.000  0.000  0.000  0.000
 [6,]  0.000  0.000  0.000  0.000  0.000  0.000  0.000  0.000  0.000  0.000
 [7,]  0.000 -0.058  0.000  0.000  0.000  0.000  0.000  0.000  0.000  0.000
 [8,]  0.000  0.000  0.000  0.000  0.000  0.000  0.000  0.000  0.000  0.000
 [9,]  0.000  0.000  0.000 -0.057  0.000  0.000  0.000  0.000 -0.077  0.000
[10,]  0.000  0.000 -0.074  0.000  0.000  0.000  0.000  0.000 -0.059  0.000
[11,]  0.000  0.000 -0.057  0.000  0.000  0.000  0.000 -0.097  0.000  0.000
[12,]  0.000  0.000  0.000  0.000  0.000  0.000  0.000  0.000  0.000  0.000
[13,] -0.057  0.000  0.000  0.000 -0.060  0.000  0.000  0.000  0.000  0.000
[14,]  0.000  0.000  0.000  0.000  0.000  0.000  0.000  0.000  0.000  0.000
[15,]  0.000  0.000 -0.060  0.000  0.000  0.000  0.000  0.000 -0.096  0.000
[16,]  0.000  0.000  0.000  0.000  0.000  0.000  0.000  0.000  0.000  0.000
[17,]  0.000  0.000  0.000  0.000  0.000  0.000  0.000  0.000  0.000  0.000
[18,] -0.097  0.000  0.000  0.000  0.000  0.000  0.000  0.000  0.000  0.000
[19,]  0.000  0.000  0.000  0.000 -0.096  0.000  0.000  0.000  0.000  0.000
[20,]  0.000  0.000  0.000  0.000  0.000  0.000  0.000  0.000  0.000  0.000
[21,] -0.076  0.000  0.000  0.000  0.000  0.000  0.000  0.000  0.000 -0.082
[22,]  0.000  0.000  0.000  0.000  0.000  0.000  0.000  0.000  0.000  0.000
[23,]  0.000  0.000  0.000  0.000  0.000  0.000  0.000  0.000  0.000  0.000
[24,]  0.000 -0.097  0.000  0.000  0.000  0.000 -0.089  0.000  0.000  0.000
[25,]  0.000  0.000  0.000  0.000  0.000  0.000  0.000  0.000  0.000  0.000
[26,]  0.000  0.000  0.000  0.000  0.000  0.000  0.000  0.000  0.000 -0.091
[27,]  0.000 -0.057 -0.058  0.000  0.000  0.000  0.000  0.000 -0.086  0.000
[28,]  0.000  0.000 -0.070  0.000 -0.072  0.000  0.000  0.000  0.000  0.000
[29,]  0.000  0.000  0.000  0.000  0.000  0.000  0.000  0.000  0.000  0.000
[30,]  0.000  0.000  0.000  0.000  0.000  0.000  0.000  0.000  0.000  0.000
[31,] -0.061  0.000  0.000  0.000  0.000  0.000  0.000  0.000  0.000  0.000
[32,]  0.000  0.000  0.000  0.000  0.000  0.000  0.000 -0.056  0.000  0.000
[33,]  0.000  0.000  0.000  0.000  0.000  0.000  0.000 -0.092  0.000  0.000
[34,]  0.000  0.000  0.000  0.000  0.000  0.000  0.000  0.000 -0.080 -0.090
[35,]  0.000  0.000  0.000  0.000  0.000 -0.072 -0.068  0.000  0.000  0.000
[36,]  0.000  0.000  0.000  0.000 -0.061  0.000  0.000  0.000  0.000  0.000
[37,]  0.000  0.000  0.000 -0.050  0.000  0.000  0.000  0.000  0.000  0.000
[38,]  0.000  0.000  0.000  0.000  0.000  0.000  0.000  0.000  0.000  0.000
[39,] -0.080  0.000  0.000  0.000  0.000  0.000  0.000  0.000  0.000  0.000
[40,]  0.000  0.000 -0.054  0.000  0.000  0.000  0.000  0.000  0.000  0.000
[41,] -0.078  0.000  0.000  0.000  0.000  0.000  0.000  0.000  0.000  0.000
[42,]  0.000  0.000  0.000  0.000  0.000  0.000  0.000  0.000  0.000  0.000
[43,]  0.000  0.000  0.000 -0.091  0.000  0.000  0.000  0.000 -0.098  0.000
[44,]  0.000  0.000  0.000  0.000 -0.095  0.000  0.000  0.000  0.000 -0.065
[45,]  0.000  0.000  0.000  0.000  0.000  0.000  0.000  0.000  0.000 -0.085
[46,] -0.085  0.000  0.000  0.000  0.000  0.000  0.000  0.000 -0.090  0.000
[47,]  0.000  0.000  0.000  0.000  0.000  0.000  0.000 -0.078  0.000  0.000
[48,]  0.000  0.000  0.000  0.000 -0.090  0.000  0.000  0.000  0.000  0.000
[49,]  0.000  0.000  0.000  0.000  0.000  0.000  0.000 -0.067  0.000  0.000
[50,]  0.000  0.000 -0.067  0.000  0.000  0.000  0.000  0.000  0.000 -0.073
       [,21]  [,22]  [,23]  [,24]  [,25]  [,26]  [,27]  [,28]  [,29]  [,30]
 [1,]  0.000  0.000  0.000  0.000  0.000  0.000  0.000  0.000  0.000  0.000
 [2,]  0.000  0.000 -0.064  0.000  0.000  0.000  0.000  0.000  0.000 -0.064
 [3,]  0.000  0.000  0.000  0.000  0.000  0.000  0.000  0.000  0.000  0.000
 [4,]  0.000  0.000  0.000  0.000 -0.080 -0.090  0.000  0.000  0.000  0.000
 [5,]  0.000  0.000  0.000  0.000  0.000  0.000 -0.074  0.000  0.000  0.000
 [6,]  0.000  0.000  0.000 -0.074  0.000  0.000  0.000  0.000  0.000  0.000
 [7,]  0.000  0.000  0.000  0.000  0.000  0.000  0.000  0.000  0.000  0.000
 [8,]  0.000  0.000  0.000 -0.093 -0.090  0.000  0.000  0.000  0.000  0.000
 [9,]  0.000  0.000  0.000  0.000 -0.096  0.000  0.000  0.000  0.000  0.000
[10,]  0.000  0.000  0.000  0.000 -0.081  0.000  0.000  0.000  0.000  0.000
[11,] -0.076  0.000  0.000  0.000  0.000  0.000  0.000  0.000  0.000  0.000
[12,]  0.000  0.000  0.000 -0.097  0.000  0.000 -0.057  0.000  0.000  0.000
[13,]  0.000  0.000  0.000  0.000  0.000  0.000 -0.058 -0.070  0.000  0.000
[14,]  0.000  0.000  0.000  0.000  0.000  0.000  0.000  0.000  0.000  0.000
[15,]  0.000  0.000  0.000  0.000  0.000  0.000  0.000 -0.072  0.000  0.000
[16,]  0.000  0.000  0.000  0.000  0.000  0.000  0.000  0.000  0.000  0.000
[17,]  0.000  0.000  0.000 -0.089  0.000  0.000  0.000  0.000  0.000  0.000
[18,]  0.000  0.000  0.000  0.000  0.000  0.000  0.000  0.000  0.000  0.000
[19,]  0.000  0.000  0.000  0.000  0.000  0.000 -0.086  0.000  0.000  0.000
[20,] -0.082  0.000  0.000  0.000  0.000 -0.091  0.000  0.000  0.000  0.000
[21,]  0.000  0.000  0.000  0.000  0.000  0.000  0.000  0.000  0.000  0.000
[22,]  0.000  0.000 -0.081  0.000  0.000  0.000 -0.099 -0.094  0.000 -0.078
[23,]  0.000 -0.081  0.000  0.000  0.000  0.000  0.000  0.000  0.000  0.000
[24,]  0.000  0.000  0.000  0.000  0.000  0.000  0.000 -0.073  0.000  0.000
[25,]  0.000  0.000  0.000  0.000  0.000  0.000  0.000 -0.089  0.000  0.000
[26,]  0.000  0.000  0.000  0.000  0.000  0.000  0.000  0.000  0.000  0.000
[27,]  0.000 -0.099  0.000  0.000  0.000  0.000  0.000  0.000  0.000  0.000
[28,]  0.000 -0.094  0.000 -0.073 -0.089  0.000  0.000  0.000  0.000  0.000
[29,]  0.000  0.000  0.000  0.000  0.000  0.000  0.000  0.000  0.000  0.000
[30,]  0.000 -0.078  0.000  0.000  0.000  0.000  0.000  0.000  0.000  0.000
[31,]  0.000  0.000  0.000  0.000  0.000  0.000  0.000  0.000  0.000  0.000
[32,] -0.083  0.000  0.000  0.000  0.000  0.000  0.000  0.000 -0.065  0.000
[33,]  0.000  0.000  0.000  0.000  0.000 -0.072  0.000  0.000  0.000  0.000
[34,]  0.000  0.000  0.000  0.000  0.000  0.000 -0.094  0.000  0.000  0.000
[35,]  0.000  0.000  0.000 -0.074  0.000  0.000  0.000  0.000 -0.099  0.000
[36,]  0.000  0.000  0.000  0.000  0.000  0.000  0.000  0.000  0.000  0.000
[37,] -0.078  0.000  0.000  0.000  0.000 -0.057  0.000  0.000  0.000  0.000
[38,]  0.000  0.000  0.000  0.000  0.000  0.000  0.000  0.000  0.000  0.000
[39,]  0.000  0.000 -0.054  0.000  0.000  0.000  0.000  0.000  0.000 -0.089
[40,]  0.000  0.000  0.000 -0.096  0.000  0.000  0.000  0.000  0.000  0.000
[41,]  0.000 -0.071  0.000  0.000  0.000  0.000  0.000 -0.095  0.000  0.000
[42,]  0.000  0.000  0.000  0.000  0.000  0.000  0.000  0.000  0.000  0.000
[43,]  0.000  0.000 -0.060  0.000  0.000  0.000  0.000  0.000  0.000  0.000
[44,]  0.000  0.000  0.000  0.000  0.000  0.000  0.000  0.000  0.000  0.000
[45,]  0.000  0.000  0.000 -0.051  0.000  0.000  0.000  0.000  0.000  0.000
[46,]  0.000  0.000  0.000  0.000  0.000  0.000  0.000  0.000  0.000  0.000
[47,]  0.000  0.000  0.000  0.000  0.000  0.000  0.000  0.000  0.000  0.000
[48,] -0.090  0.000  0.000  0.000  0.000  0.000  0.000  0.000  0.000  0.000
[49,]  0.000  0.000  0.000 -0.065 -0.063  0.000  0.000  0.000  0.000  0.000
[50,] -0.096  0.000  0.000  0.000  0.000  0.000  0.000  0.000  0.000  0.000
       [,31]  [,32]  [,33]  [,34]  [,35]  [,36]  [,37]  [,38]  [,39]  [,40]
 [1,]  0.000  0.000  0.000  0.000  0.000 -0.068  0.000  0.000  0.000  0.000
 [2,] -0.056  0.000  0.000  0.000  0.000  0.000  0.000  0.000  0.000  0.000
 [3,]  0.000  0.000  0.000  0.000  0.000  0.000  0.000  0.000  0.000  0.000
 [4,]  0.000  0.000  0.000  0.000 -0.099  0.000  0.000 -0.052  0.000  0.000
 [5,]  0.000 -0.061  0.000  0.000  0.000  0.000  0.000  0.000  0.000  0.000
 [6,]  0.000 -0.094 -0.074  0.000  0.000  0.000 -0.079  0.000  0.000  0.000
 [7,]  0.000  0.000  0.000  0.000  0.000  0.000  0.000  0.000  0.000  0.000
 [8,] -0.063  0.000  0.000 -0.093  0.000 -0.063  0.000  0.000  0.000  0.000
 [9,]  0.000  0.000  0.000  0.000  0.000  0.000  0.000  0.000  0.000  0.000
[10,]  0.000  0.000 -0.077  0.000  0.000  0.000  0.000 -0.058  0.000 -0.095
[11,] -0.061  0.000  0.000  0.000  0.000  0.000  0.000  0.000 -0.080  0.000
[12,]  0.000  0.000  0.000  0.000  0.000  0.000  0.000  0.000  0.000  0.000
[13,]  0.000  0.000  0.000  0.000  0.000  0.000  0.000  0.000  0.000 -0.054
[14,]  0.000  0.000  0.000  0.000  0.000  0.000 -0.050  0.000  0.000  0.000
[15,]  0.000  0.000  0.000  0.000  0.000 -0.061  0.000  0.000  0.000  0.000
[16,]  0.000  0.000  0.000  0.000 -0.072  0.000  0.000  0.000  0.000  0.000
[17,]  0.000  0.000  0.000  0.000 -0.068  0.000  0.000  0.000  0.000  0.000
[18,]  0.000 -0.056 -0.092  0.000  0.000  0.000  0.000  0.000  0.000  0.000
[19,]  0.000  0.000  0.000 -0.080  0.000  0.000  0.000  0.000  0.000  0.000
[20,]  0.000  0.000  0.000 -0.090  0.000  0.000  0.000  0.000  0.000  0.000
[21,]  0.000 -0.083  0.000  0.000  0.000  0.000 -0.078  0.000  0.000  0.000
[22,]  0.000  0.000  0.000  0.000  0.000  0.000  0.000  0.000  0.000  0.000
[23,]  0.000  0.000  0.000  0.000  0.000  0.000  0.000  0.000 -0.054  0.000
[24,]  0.000  0.000  0.000  0.000 -0.074  0.000  0.000  0.000  0.000 -0.096
[25,]  0.000  0.000  0.000  0.000  0.000  0.000  0.000  0.000  0.000  0.000
[26,]  0.000  0.000 -0.072  0.000  0.000  0.000 -0.057  0.000  0.000  0.000
[27,]  0.000  0.000  0.000 -0.094  0.000  0.000  0.000  0.000  0.000  0.000
[28,]  0.000  0.000  0.000  0.000  0.000  0.000  0.000  0.000  0.000  0.000
[29,]  0.000 -0.065  0.000  0.000 -0.099  0.000  0.000  0.000  0.000  0.000
[30,]  0.000  0.000  0.000  0.000  0.000  0.000  0.000  0.000 -0.089  0.000
[31,]  0.000  0.000  0.000  0.000  0.000  0.000  0.000  0.000  0.000  0.000
[32,]  0.000  0.000 -0.078  0.000  0.000  0.000  0.000  0.000  0.000  0.000
[33,]  0.000 -0.078  0.000  0.000 -0.071  0.000  0.000 -0.088  0.000  0.000
[34,]  0.000  0.000  0.000  0.000  0.000  0.000 -0.050  0.000  0.000  0.000
[35,]  0.000  0.000 -0.071  0.000  0.000  0.000  0.000  0.000  0.000  0.000
[36,]  0.000  0.000  0.000  0.000  0.000  0.000  0.000  0.000  0.000  0.000
[37,]  0.000  0.000  0.000 -0.050  0.000  0.000  0.000  0.000  0.000  0.000
[38,]  0.000  0.000 -0.088  0.000  0.000  0.000  0.000  0.000  0.000  0.000
[39,]  0.000  0.000  0.000  0.000  0.000  0.000  0.000  0.000  0.000  0.000
[40,]  0.000  0.000  0.000  0.000  0.000  0.000  0.000  0.000  0.000  0.000
[41,]  0.000  0.000  0.000  0.000  0.000  0.000 -0.063  0.000  0.000  0.000
[42,]  0.000  0.000  0.000  0.000  0.000  0.000  0.000  0.000  0.000  0.000
[43,]  0.000  0.000  0.000  0.000  0.000  0.000  0.000  0.000 -0.098  0.000
[44,]  0.000  0.000 -0.088  0.000  0.000  0.000  0.000  0.000  0.000  0.000
[45,]  0.000 -0.094  0.000  0.000  0.000  0.000  0.000  0.000  0.000  0.000
[46,]  0.000  0.000  0.000  0.000  0.000  0.000  0.000  0.000  0.000  0.000
[47,]  0.000  0.000  0.000  0.000  0.000  0.000  0.000  0.000  0.000  0.000
[48,] -0.081  0.000  0.000  0.000  0.000  0.000  0.000  0.000  0.000  0.000
[49,]  0.000  0.000  0.000  0.000  0.000  0.000  0.000  0.000  0.000  0.000
[50,]  0.000  0.000  0.000  0.000  0.000  0.000  0.000  0.000  0.000  0.000
       [,41] [,42]  [,43]  [,44]  [,45]  [,46]  [,47]  [,48]  [,49]  [,50]
 [1,]  0.000     0  0.000  0.000  0.000  0.000  0.000  0.000  0.000  0.000
 [2,]  0.000     0  0.000 -0.077 -0.095  0.000  0.000 -0.090  0.000  0.000
 [3,]  0.000     0  0.000  0.000  0.000  0.000  0.000  0.000  0.000  0.000
 [4,]  0.000     0  0.000  0.000  0.000  0.000  0.000  0.000  0.000  0.000
 [5,]  0.000     0  0.000  0.000  0.000  0.000 -0.065  0.000  0.000  0.000
 [6,]  0.000     0  0.000  0.000  0.000 -0.070  0.000  0.000  0.000 -0.061
 [7,]  0.000     0 -0.090  0.000  0.000  0.000  0.000  0.000 -0.090  0.000
 [8,] -0.075     0  0.000  0.000  0.000  0.000 -0.069  0.000  0.000  0.000
 [9,] -0.086     0  0.000  0.000  0.000  0.000  0.000  0.000  0.000  0.000
[10,]  0.000     0  0.000  0.000  0.000  0.000  0.000  0.000  0.000  0.000
[11,] -0.078     0  0.000  0.000  0.000 -0.085  0.000  0.000  0.000  0.000
[12,]  0.000     0  0.000  0.000  0.000  0.000  0.000  0.000  0.000  0.000
[13,]  0.000     0  0.000  0.000  0.000  0.000  0.000  0.000  0.000 -0.067
[14,]  0.000     0 -0.091  0.000  0.000  0.000  0.000  0.000  0.000  0.000
[15,]  0.000     0  0.000 -0.095  0.000  0.000  0.000 -0.090  0.000  0.000
[16,]  0.000     0  0.000  0.000  0.000  0.000  0.000  0.000  0.000  0.000
[17,]  0.000     0  0.000  0.000  0.000  0.000  0.000  0.000  0.000  0.000
[18,]  0.000     0  0.000  0.000  0.000  0.000 -0.078  0.000 -0.067  0.000
[19,]  0.000     0 -0.098  0.000  0.000 -0.090  0.000  0.000  0.000  0.000
[20,]  0.000     0  0.000 -0.065 -0.085  0.000  0.000  0.000  0.000 -0.073
[21,]  0.000     0  0.000  0.000  0.000  0.000  0.000 -0.090  0.000 -0.096
[22,] -0.071     0  0.000  0.000  0.000  0.000  0.000  0.000  0.000  0.000
[23,]  0.000     0 -0.060  0.000  0.000  0.000  0.000  0.000  0.000  0.000
[24,]  0.000     0  0.000  0.000 -0.051  0.000  0.000  0.000 -0.065  0.000
[25,]  0.000     0  0.000  0.000  0.000  0.000  0.000  0.000 -0.063  0.000
[26,]  0.000     0  0.000  0.000  0.000  0.000  0.000  0.000  0.000  0.000
[27,]  0.000     0  0.000  0.000  0.000  0.000  0.000  0.000  0.000  0.000
[28,] -0.095     0  0.000  0.000  0.000  0.000  0.000  0.000  0.000  0.000
[29,]  0.000     0  0.000  0.000  0.000  0.000  0.000  0.000  0.000  0.000
[30,]  0.000     0  0.000  0.000  0.000  0.000  0.000  0.000  0.000  0.000
[31,]  0.000     0  0.000  0.000  0.000  0.000  0.000 -0.081  0.000  0.000
[32,]  0.000     0  0.000  0.000 -0.094  0.000  0.000  0.000  0.000  0.000
[33,]  0.000     0  0.000 -0.088  0.000  0.000  0.000  0.000  0.000  0.000
[34,]  0.000     0  0.000  0.000  0.000  0.000  0.000  0.000  0.000  0.000
[35,]  0.000     0  0.000  0.000  0.000  0.000  0.000  0.000  0.000  0.000
[36,]  0.000     0  0.000  0.000  0.000  0.000  0.000  0.000  0.000  0.000
[37,] -0.063     0  0.000  0.000  0.000  0.000  0.000  0.000  0.000  0.000
[38,]  0.000     0  0.000  0.000  0.000  0.000  0.000  0.000  0.000  0.000
[39,]  0.000     0 -0.098  0.000  0.000  0.000  0.000  0.000  0.000  0.000
[40,]  0.000     0  0.000  0.000  0.000  0.000  0.000  0.000  0.000  0.000
[41,]  0.000     0  0.000  0.000  0.000  0.000  0.000  0.000  0.000  0.000
[42,]  0.000     0  0.000  0.000  0.000  0.000  0.000  0.000  0.000  0.000
[43,]  0.000     0  0.000 -0.093  0.000  0.000  0.000  0.000  0.000  0.000
[44,]  0.000     0 -0.093  0.000  0.000  0.000  0.000 -0.080  0.000  0.000
[45,]  0.000     0  0.000  0.000  0.000  0.000  0.000  0.000  0.000  0.000
[46,]  0.000     0  0.000  0.000  0.000  0.000  0.000  0.000  0.000  0.000
[47,]  0.000     0  0.000  0.000  0.000  0.000  0.000 -0.098  0.000  0.000
[48,]  0.000     0  0.000 -0.080  0.000  0.000 -0.098  0.000  0.000  0.000
[49,]  0.000     0  0.000  0.000  0.000  0.000  0.000  0.000  0.000  0.000
[50,]  0.000     0  0.000  0.000  0.000  0.000  0.000  0.000  0.000  0.000
[1] "The mean effective sample size is"
[1] 31428.86
[1] "The mean effective sample size without burnin is"
[1] 15737.64
