[1] "Convergence check with the Rubin-Gelman diagnostic"
[1] "All chains converged."
[1] "Convergence check with the acf diagnostic"
[1] "All chains converged."
[1] "This is the mean correlation matrix of the chosen samples, adjusted for autocorretion"
        V1     V2     V3     V4     V5     V6     V7     V8     V9    V10
V1   1.000 -0.034  0.021 -0.198  0.026 -0.001  0.022 -0.037  0.088  0.099
V2  -0.034  1.000 -0.167  0.181 -0.129 -0.042 -0.038  0.128 -0.034 -0.015
V3   0.021 -0.167  1.000  0.070 -0.118 -0.166 -0.099  0.165  0.010 -0.100
V4  -0.198  0.181  0.070  1.000 -0.315 -0.238 -0.213  0.172 -0.253 -0.227
V5   0.026 -0.129 -0.118 -0.315  1.000 -0.074  0.075 -0.107  0.195  0.042
V6  -0.001 -0.042 -0.166 -0.238 -0.074  1.000  0.100 -0.256  0.103  0.130
V7   0.022 -0.038 -0.099 -0.213  0.075  0.100  1.000 -0.131  0.046  0.078
V8  -0.037  0.128  0.165  0.172 -0.107 -0.256 -0.131  1.000 -0.173 -0.121
V9   0.088 -0.034  0.010 -0.253  0.195  0.103  0.046 -0.173  1.000  0.029
V10  0.099 -0.015 -0.100 -0.227  0.042  0.130  0.078 -0.121  0.029  1.000
V11  0.079 -0.167  0.022 -0.376  0.091  0.184  0.148  0.046  0.027  0.043
V12  0.010 -0.304 -0.010 -0.394  0.145 -0.051 -0.024 -0.058  0.018  0.153
V13 -0.118 -0.121 -0.190  0.112 -0.174  0.080  0.059 -0.290 -0.170 -0.085
V14  0.022 -0.143 -0.002 -0.356  0.102  0.065 -0.011 -0.186  0.096  0.042
V15 -0.013  0.067 -0.223  0.101  0.080 -0.056 -0.093 -0.199  0.055 -0.112
V16 -0.036  0.069  0.062  0.053 -0.066  0.024 -0.096  0.154  0.021  0.097
V17 -0.094  0.191 -0.254  0.286 -0.225  0.057 -0.130  0.113 -0.231 -0.068
V18 -0.126 -0.221  0.139  0.228 -0.037 -0.293 -0.218  0.007 -0.160 -0.201
V19 -0.050  0.187 -0.226  0.062 -0.025  0.177  0.079 -0.104  0.069 -0.032
V20 -0.069 -0.224  0.124  0.078 -0.097 -0.196 -0.081 -0.152 -0.067 -0.102
       V11    V12    V13    V14    V15    V16    V17    V18    V19    V20
V1   0.079  0.010 -0.118  0.022 -0.013 -0.036 -0.094 -0.126 -0.050 -0.069
V2  -0.167 -0.304 -0.121 -0.143  0.067  0.069  0.191 -0.221  0.187 -0.224
V3   0.022 -0.010 -0.190 -0.002 -0.223  0.062 -0.254  0.139 -0.226  0.124
V4  -0.376 -0.394  0.112 -0.356  0.101  0.053  0.286  0.228  0.062  0.078
V5   0.091  0.145 -0.174  0.102  0.080 -0.066 -0.225 -0.037 -0.025 -0.097
V6   0.184 -0.051  0.080  0.065 -0.056  0.024  0.057 -0.293  0.177 -0.196
V7   0.148 -0.024  0.059 -0.011 -0.093 -0.096 -0.130 -0.218  0.079 -0.081
V8   0.046 -0.058 -0.290 -0.186 -0.199  0.154  0.113  0.007 -0.104 -0.152
V9   0.027  0.018 -0.170  0.096  0.055  0.021 -0.231 -0.160  0.069 -0.067
V10  0.043  0.153 -0.085  0.042 -0.112  0.097 -0.068 -0.201 -0.032 -0.102
V11  1.000  0.195 -0.037  0.155 -0.283 -0.069 -0.031 -0.316 -0.146 -0.187
V12  0.195  1.000  0.029  0.187 -0.190  0.035 -0.292  0.060 -0.240  0.132
V13 -0.037  0.029  1.000 -0.178  0.155 -0.257  0.079  0.138 -0.162  0.179
V14  0.155  0.187 -0.178  1.000 -0.053 -0.111 -0.175  0.011 -0.089  0.051
V15 -0.283 -0.190  0.155 -0.053  1.000 -0.105  0.024  0.116  0.010 -0.060
V16 -0.069  0.035 -0.257 -0.111 -0.105  1.000 -0.057 -0.225  0.003 -0.170
V17 -0.031 -0.292  0.079 -0.175  0.024 -0.057  1.000 -0.046  0.140 -0.221
V18 -0.316  0.060  0.138  0.011  0.116 -0.225 -0.046  1.000 -0.224  0.292
V19 -0.146 -0.240 -0.162 -0.089  0.010  0.003  0.140 -0.224  1.000 -0.112
V20 -0.187  0.132  0.179  0.051 -0.060 -0.170 -0.221  0.292 -0.112  1.000
[1] "The counts generated in the last step look as follows:"
      [,1] [,2] [,3] [,4] [,5] [,6]
 [1,]   12    2    2    4    7    4
 [2,]   11   10   13   13   11   18
 [3,]   20   15   32   25   29   29
 [4,]   50   53   47   57   39   59
 [5,]   14   16   14   15   12   10
 [6,]   16   14   30   16   20   15
 [7,]   12    6    9    8    8    7
 [8,]   32   29   21   42   43   29
 [9,]    8   10   15    8    7    8
[10,]    1    5   10    7    1    6
[11,]   22   20   17   23   26   18
[12,]   37   39   47   32   39   34
[13,]   56   61   39   41   50   47
[14,]   22   11   17   14   15   17
[15,]   15   22   19   19   16   14
[16,]   12   15   18   10   19   14
[17,]   47   40   24   39   55   28
[18,]   57   92   51   65   71   68
[19,]   16   12   16   17   16   15
[20,]   31   39   40   32   28   41
[1] "The data was created with a eta of"
 [1] 5 5 5 5 5 5 5 5 5 5 5 5 5 5 5 5 5 5 5 5
[1] "The data was created with the following theta matrix:"
        [,1]   [,2]   [,3]   [,4]   [,5]   [,6]   [,7]   [,8]   [,9]  [,10]
 [1,]  0.000 -0.009  0.000 -0.009 -0.009 -0.010 -0.009 -0.009  0.000  0.000
 [2,] -0.009  0.000 -0.009  0.000 -0.009 -0.009 -0.008  0.000 -0.007 -0.006
 [3,]  0.000 -0.009  0.000  0.000 -0.009 -0.007 -0.007  0.000  0.000 -0.008
 [4,] -0.009  0.000  0.000  0.000 -0.007 -0.006 -0.007  0.000 -0.010 -0.010
 [5,] -0.009 -0.009 -0.009 -0.007  0.000 -0.008  0.000 -0.006  0.000 -0.009
 [6,] -0.010 -0.009 -0.007 -0.006 -0.008  0.000 -0.007 -0.009  0.000  0.000
 [7,] -0.009 -0.008 -0.007 -0.007  0.000 -0.007  0.000 -0.007 -0.007 -0.005
 [8,] -0.009  0.000  0.000  0.000 -0.006 -0.009 -0.007  0.000 -0.006 -0.009
 [9,]  0.000 -0.007  0.000 -0.010  0.000  0.000 -0.007 -0.006  0.000 -0.007
[10,]  0.000 -0.006 -0.008 -0.010 -0.009  0.000 -0.005 -0.009 -0.007  0.000
[11,]  0.000 -0.008  0.000 -0.007  0.000  0.000  0.000  0.000 -0.005 -0.008
[12,] -0.006 -0.008 -0.007 -0.007  0.000 -0.008 -0.008  0.000 -0.006  0.000
[13,] -0.009 -0.006 -0.005  0.000 -0.007  0.000  0.000 -0.008 -0.007 -0.008
[14,] -0.006 -0.008 -0.006 -0.010 -0.006  0.000 -0.007 -0.009 -0.009 -0.009
[15,]  0.000  0.000 -0.009  0.000  0.000 -0.008 -0.009 -0.009  0.000 -0.009
[16,] -0.010 -0.006  0.000  0.000 -0.007  0.000 -0.009  0.000 -0.006  0.000
[17,] -0.006  0.000 -0.010  0.000 -0.007  0.000 -0.008  0.000 -0.009 -0.006
[18,] -0.006 -0.008  0.000  0.000  0.000 -0.006 -0.007  0.000 -0.006 -0.008
[19,] -0.007  0.000 -0.009  0.000 -0.005  0.000  0.000 -0.007  0.000 -0.006
[20,] -0.009 -0.009  0.000  0.000 -0.008 -0.008 -0.008 -0.006 -0.005 -0.007
       [,11]  [,12]  [,13]  [,14]  [,15]  [,16]  [,17]  [,18]  [,19]  [,20]
 [1,]  0.000 -0.006 -0.009 -0.006  0.000 -0.010 -0.006 -0.006 -0.007 -0.009
 [2,] -0.008 -0.008 -0.006 -0.008  0.000 -0.006  0.000 -0.008  0.000 -0.009
 [3,]  0.000 -0.007 -0.005 -0.006 -0.009  0.000 -0.010  0.000 -0.009  0.000
 [4,] -0.007 -0.007  0.000 -0.010  0.000  0.000  0.000  0.000  0.000  0.000
 [5,]  0.000  0.000 -0.007 -0.006  0.000 -0.007 -0.007  0.000 -0.005 -0.008
 [6,]  0.000 -0.008  0.000  0.000 -0.008  0.000  0.000 -0.006  0.000 -0.008
 [7,]  0.000 -0.008  0.000 -0.007 -0.009 -0.009 -0.008 -0.007  0.000 -0.008
 [8,]  0.000  0.000 -0.008 -0.009 -0.009  0.000  0.000  0.000 -0.007 -0.006
 [9,] -0.005 -0.006 -0.007 -0.009  0.000 -0.006 -0.009 -0.006  0.000 -0.005
[10,] -0.008  0.000 -0.008 -0.009 -0.009  0.000 -0.006 -0.008 -0.006 -0.007
[11,]  0.000  0.000  0.000  0.000 -0.010 -0.009  0.000 -0.008 -0.007 -0.008
[12,]  0.000  0.000  0.000  0.000 -0.007  0.000 -0.008  0.000 -0.007  0.000
[13,]  0.000  0.000  0.000 -0.010  0.000 -0.008  0.000  0.000 -0.010  0.000
[14,]  0.000  0.000 -0.010  0.000 -0.006 -0.007 -0.005  0.000 -0.007  0.000
[15,] -0.010 -0.007  0.000 -0.006  0.000 -0.006 -0.005  0.000 -0.006 -0.008
[16,] -0.009  0.000 -0.008 -0.007 -0.006  0.000 -0.007 -0.008 -0.010 -0.009
[17,]  0.000 -0.008  0.000 -0.005 -0.005 -0.007  0.000  0.000  0.000 -0.008
[18,] -0.008  0.000  0.000  0.000  0.000 -0.008  0.000  0.000 -0.008  0.000
[19,] -0.007 -0.007 -0.010 -0.007 -0.006 -0.010  0.000 -0.008  0.000  0.000
[20,] -0.008  0.000  0.000  0.000 -0.008 -0.009 -0.008  0.000  0.000  0.000
[1] "The mean effective sample size is"
[1] 5406.944
[1] "The mean effective sample size without burnin is"
[1] 2605.806
