[1] "Convergence check with the Rubin-Gelman diagnostic"
[1] "All chains converged."
[1] "Convergence check with the acf diagnostic"
[1] "All chains converged."
[1] "This is the mean correlation matrix of the last 10000 iterations"
        [,1]   [,2] [,3] [,4]   [,5]   [,6]   [,7] [,8] [,9] [,10]
 [1,]  1.000  0.099   NA   NA  0.226 -0.291  0.520   NA   NA    NA
 [2,]  0.099  1.000   NA   NA  0.186  0.013 -0.039   NA   NA    NA
 [3,]     NA     NA    1   NA     NA     NA     NA   NA   NA    NA
 [4,]     NA     NA   NA    1     NA     NA     NA   NA   NA    NA
 [5,]  0.226  0.186   NA   NA  1.000 -0.064  0.104   NA   NA    NA
 [6,] -0.291  0.013   NA   NA -0.064  1.000 -0.205   NA   NA    NA
 [7,]  0.520 -0.039   NA   NA  0.104 -0.205  1.000   NA   NA    NA
 [8,]     NA     NA   NA   NA     NA     NA     NA    1   NA    NA
 [9,]     NA     NA   NA   NA     NA     NA     NA   NA    1    NA
[10,]     NA     NA   NA   NA     NA     NA     NA   NA   NA     1
[1] "This is the mean correlation matrix of the chosen samples, adjusted for autocorretion"
        V1     V2     V3     V4     V5     V6     V7     V8     V9    V10
V1   1.000 -0.014  0.003 -0.055 -0.021 -0.074  0.007 -0.006  0.007 -0.043
V2  -0.014  1.000  0.006  0.014 -0.075  0.018 -0.012 -0.003  0.005  0.006
V3   0.003  0.006  1.000 -0.078 -0.029 -0.053  0.005 -0.039 -0.028  0.010
V4  -0.055  0.014 -0.078  1.000 -0.003  0.021 -0.003  0.003 -0.002 -0.003
V5  -0.021 -0.075 -0.029 -0.003  1.000 -0.030 -0.004  0.020 -0.042 -0.046
V6  -0.074  0.018 -0.053  0.021 -0.030  1.000 -0.020 -0.005 -0.033  0.004
V7   0.007 -0.012  0.005 -0.003 -0.004 -0.020  1.000 -0.002  0.003 -0.060
V8  -0.006 -0.003 -0.039  0.003  0.020 -0.005 -0.002  1.000 -0.009 -0.023
V9   0.007  0.005 -0.028 -0.002 -0.042 -0.033  0.003 -0.009  1.000  0.003
V10 -0.043  0.006  0.010 -0.003 -0.046  0.004 -0.060 -0.023  0.003  1.000
[1] "The counts generated in the last step look as follows:"
      [,1] [,2] [,3] [,4] [,5] [,6]
 [1,]    7    4    7    4    7   14
 [2,]    5    7    4    6    6    7
 [3,]    6    5    5    7    5   12
 [4,]    8   10    4   12    7    7
 [5,]    1    5    3    5    8    7
 [6,]    6    6    4   12    5    5
 [7,]    8    4    5    4    8    8
 [8,]    6    3    5    5    7    7
 [9,]    8    1    6    7    5    9
[10,]    6    7    4    6    9    8
[1] "The data was created with a eta of"
 [1] 2 2 2 2 2 2 2 2 2 2
[1] "The data was created with the following theta matrix:"
        [,1]   [,2]   [,3]   [,4]   [,5]   [,6]   [,7]   [,8]   [,9]  [,10]
 [1,]  0.000  0.000  0.000 -0.008  0.000 -0.008  0.000  0.000  0.000 -0.009
 [2,]  0.000  0.000  0.000  0.000 -0.009  0.000 -0.006  0.000  0.000  0.000
 [3,]  0.000  0.000  0.000 -0.010 -0.007 -0.007  0.000 -0.007  0.000  0.000
 [4,] -0.008  0.000 -0.010  0.000  0.000  0.000  0.000  0.000  0.000  0.000
 [5,]  0.000 -0.009 -0.007  0.000  0.000 -0.007  0.000  0.000 -0.007 -0.006
 [6,] -0.008  0.000 -0.007  0.000 -0.007  0.000 -0.005  0.000 -0.007  0.000
 [7,]  0.000 -0.006  0.000  0.000  0.000 -0.005  0.000  0.000  0.000 -0.007
 [8,]  0.000  0.000 -0.007  0.000  0.000  0.000  0.000  0.000  0.000 -0.006
 [9,]  0.000  0.000  0.000  0.000 -0.007 -0.007  0.000  0.000  0.000  0.000
[10,] -0.009  0.000  0.000  0.000 -0.006  0.000 -0.007 -0.006  0.000  0.000
[1] "The mean effective sample size is"
[1] 98666.15
[1] "The mean effective sample size without burnin is"
[1] 49347.9
