[1] "Convergence check with the Rubin-Gelman diagnostic"
[1] "All chains converged."
[1] "Convergence check with the acf diagnostic"
[1] "All chains converged."
[1] "This is the mean correlation matrix of the chosen samples, adjusted for autocorretion"
        V1     V2     V3     V4     V5     V6     V7     V8     V9    V10
V1   1.000  0.007 -0.001  0.026 -0.003  0.010  0.004  0.002  0.001  0.002
V2   0.007  1.000  0.001 -0.004 -0.003 -0.006 -0.006  0.023 -0.020  0.013
V3  -0.001  0.001  1.000 -0.013 -0.011 -0.006  0.007  0.004 -0.012  0.000
V4   0.026 -0.004 -0.013  1.000 -0.011 -0.009 -0.006  0.013  0.022  0.014
V5  -0.003 -0.003 -0.011 -0.011  1.000 -0.012 -0.001 -0.008  0.002  0.015
V6   0.010 -0.006 -0.006 -0.009 -0.012  1.000 -0.009  0.013 -0.008 -0.003
V7   0.004 -0.006  0.007 -0.006 -0.001 -0.009  1.000 -0.010 -0.003  0.001
V8   0.002  0.023  0.004  0.013 -0.008  0.013 -0.010  1.000 -0.006 -0.007
V9   0.001 -0.020 -0.012  0.022  0.002 -0.008 -0.003 -0.006  1.000 -0.009
V10  0.002  0.013  0.000  0.014  0.015 -0.003  0.001 -0.007 -0.009  1.000
V11  0.010  0.001 -0.004  0.017 -0.002  0.015 -0.006 -0.005 -0.004  0.024
V12  0.005 -0.003 -0.001 -0.003 -0.010  0.008  0.010 -0.007 -0.008  0.001
V13  0.004  0.013 -0.008 -0.010  0.007  0.002  0.002  0.025  0.005 -0.008
V14 -0.018  0.016 -0.007 -0.004 -0.001  0.004  0.010  0.002  0.014  0.001
V15 -0.001  0.021 -0.007 -0.004  0.007 -0.017  0.016 -0.014 -0.008 -0.001
V16  0.007  0.002 -0.005 -0.020 -0.003  0.003  0.002 -0.002 -0.022 -0.011
V17  0.001 -0.022 -0.009 -0.004 -0.004 -0.013 -0.019 -0.003 -0.011 -0.015
V18 -0.010  0.017 -0.007  0.010  0.015 -0.002 -0.006  0.012  0.017 -0.017
V19 -0.007 -0.007 -0.005 -0.003 -0.005  0.004  0.003  0.007 -0.017 -0.002
V20  0.002 -0.013 -0.006 -0.002 -0.008  0.001 -0.013  0.014 -0.005 -0.006
       V11    V12    V13    V14    V15    V16    V17    V18    V19    V20
V1   0.010  0.005  0.004 -0.018 -0.001  0.007  0.001 -0.010 -0.007  0.002
V2   0.001 -0.003  0.013  0.016  0.021  0.002 -0.022  0.017 -0.007 -0.013
V3  -0.004 -0.001 -0.008 -0.007 -0.007 -0.005 -0.009 -0.007 -0.005 -0.006
V4   0.017 -0.003 -0.010 -0.004 -0.004 -0.020 -0.004  0.010 -0.003 -0.002
V5  -0.002 -0.010  0.007 -0.001  0.007 -0.003 -0.004  0.015 -0.005 -0.008
V6   0.015  0.008  0.002  0.004 -0.017  0.003 -0.013 -0.002  0.004  0.001
V7  -0.006  0.010  0.002  0.010  0.016  0.002 -0.019 -0.006  0.003 -0.013
V8  -0.005 -0.007  0.025  0.002 -0.014 -0.002 -0.003  0.012  0.007  0.014
V9  -0.004 -0.008  0.005  0.014 -0.008 -0.022 -0.011  0.017 -0.017 -0.005
V10  0.024  0.001 -0.008  0.001 -0.001 -0.011 -0.015 -0.017 -0.002 -0.006
V11  1.000  0.013 -0.009 -0.003 -0.009 -0.011 -0.007 -0.027  0.008 -0.012
V12  0.013  1.000  0.005 -0.004 -0.013 -0.005 -0.007  0.002 -0.020  0.001
V13 -0.009  0.005  1.000 -0.005 -0.009 -0.002  0.014 -0.017  0.009  0.022
V14 -0.003 -0.004 -0.005  1.000 -0.005 -0.012 -0.007 -0.004  0.001  0.018
V15 -0.009 -0.013 -0.009 -0.005  1.000  0.002  0.002  0.005  0.005 -0.008
V16 -0.011 -0.005 -0.002 -0.012  0.002  1.000 -0.004  0.001  0.009 -0.011
V17 -0.007 -0.007  0.014 -0.007  0.002 -0.004  1.000 -0.008 -0.012  0.022
V18 -0.027  0.002 -0.017 -0.004  0.005  0.001 -0.008  1.000  0.001  0.005
V19  0.008 -0.020  0.009  0.001  0.005  0.009 -0.012  0.001  1.000 -0.012
V20 -0.012  0.001  0.022  0.018 -0.008 -0.011  0.022  0.005 -0.012  1.000
[1] "The counts generated in the last step look as follows:"
      [,1] [,2] [,3] [,4] [,5] [,6]
 [1,]  160  163  137  164  165  150
 [2,]  147  144  151  134  141  132
 [3,]  149  117  129  165  131  141
 [4,]  134  162  146  150  145  138
 [5,]  125  149  168  142  149  159
 [6,]  162  172  129  158  136  145
 [7,]  138  151  167  157  139  156
 [8,]  166  172  154  146  152  143
 [9,]  146  141  149  151  130  169
[10,]  131  156  155  148  166  153
[11,]  129  145  147  127  144  152
[12,]  145  129  131  139  140  144
[13,]  138  149  170  138  161  149
[14,]  147  137  153  143  149  168
[15,]  137  144  161  155  156  144
[16,]  163  150  151  143  134  147
[17,]  169  154  140  139  160  155
[18,]  146  152  147  154  149  143
[19,]  130  140  144  152  151  131
[20,]  149  129  146  167  157  141
[1] "The data was created with a eta of"
 [1] 5 5 5 5 5 5 5 5 5 5 5 5 5 5 5 5 5 5 5 5
[1] "The data was created with the following theta matrix:"
      [,1] [,2] [,3] [,4] [,5] [,6] [,7] [,8] [,9] [,10] [,11] [,12] [,13]
 [1,]    0    0    0    0    0    0    0    0    0     0     0     0     0
 [2,]    0    0    0    0    0    0    0    0    0     0     0     0     0
 [3,]    0    0    0    0    0    0    0    0    0     0     0     0     0
 [4,]    0    0    0    0    0    0    0    0    0     0     0     0     0
 [5,]    0    0    0    0    0    0    0    0    0     0     0     0     0
 [6,]    0    0    0    0    0    0    0    0    0     0     0     0     0
 [7,]    0    0    0    0    0    0    0    0    0     0     0     0     0
 [8,]    0    0    0    0    0    0    0    0    0     0     0     0     0
 [9,]    0    0    0    0    0    0    0    0    0     0     0     0     0
[10,]    0    0    0    0    0    0    0    0    0     0     0     0     0
[11,]    0    0    0    0    0    0    0    0    0     0     0     0     0
[12,]    0    0    0    0    0    0    0    0    0     0     0     0     0
[13,]    0    0    0    0    0    0    0    0    0     0     0     0     0
[14,]    0    0    0    0    0    0    0    0    0     0     0     0     0
[15,]    0    0    0    0    0    0    0    0    0     0     0     0     0
[16,]    0    0    0    0    0    0    0    0    0     0     0     0     0
[17,]    0    0    0    0    0    0    0    0    0     0     0     0     0
[18,]    0    0    0    0    0    0    0    0    0     0     0     0     0
[19,]    0    0    0    0    0    0    0    0    0     0     0     0     0
[20,]    0    0    0    0    0    0    0    0    0     0     0     0     0
      [,14] [,15] [,16] [,17] [,18] [,19] [,20]
 [1,]     0     0     0     0     0     0     0
 [2,]     0     0     0     0     0     0     0
 [3,]     0     0     0     0     0     0     0
 [4,]     0     0     0     0     0     0     0
 [5,]     0     0     0     0     0     0     0
 [6,]     0     0     0     0     0     0     0
 [7,]     0     0     0     0     0     0     0
 [8,]     0     0     0     0     0     0     0
 [9,]     0     0     0     0     0     0     0
[10,]     0     0     0     0     0     0     0
[11,]     0     0     0     0     0     0     0
[12,]     0     0     0     0     0     0     0
[13,]     0     0     0     0     0     0     0
[14,]     0     0     0     0     0     0     0
[15,]     0     0     0     0     0     0     0
[16,]     0     0     0     0     0     0     0
[17,]     0     0     0     0     0     0     0
[18,]     0     0     0     0     0     0     0
[19,]     0     0     0     0     0     0     0
[20,]     0     0     0     0     0     0     0
[1] "The mean effective sample size is"
[1] 100066.9
[1] "The mean effective sample size without burnin is"
[1] 50097.09
