[1] "Convergence check with the Rubin-Gelman diagnostic"
[1] "All chains converged."
[1] "Convergence check with the acf diagnostic"
[1] "All chains converged."
[1] "This is the mean correlation matrix of the chosen samples, adjusted for autocorretion"
        V1     V2     V3     V4     V5     V6     V7     V8     V9    V10
V1   1.000  0.000  0.048 -0.024  0.000 -0.040  0.052  0.054 -0.010 -0.046
V2   0.000  1.000  0.008  0.001  0.065 -0.021  0.065 -0.028 -0.025 -0.039
V3   0.048  0.008  1.000 -0.018  0.055  0.009  0.011 -0.026 -0.044 -0.051
V4  -0.024  0.001 -0.018  1.000 -0.064  0.011 -0.045 -0.058  0.070 -0.043
V5   0.000  0.065  0.055 -0.064  1.000 -0.024  0.032 -0.046 -0.075 -0.043
V6  -0.040 -0.021  0.009  0.011 -0.024  1.000 -0.028 -0.034 -0.062  0.073
V7   0.052  0.065  0.011 -0.045  0.032 -0.028  1.000 -0.031 -0.073 -0.063
V8   0.054 -0.028 -0.026 -0.058 -0.046 -0.034 -0.031  1.000 -0.053 -0.036
V9  -0.010 -0.025 -0.044  0.070 -0.075 -0.062 -0.073 -0.053  1.000  0.041
V10 -0.046 -0.039 -0.051 -0.043 -0.043  0.073 -0.063 -0.036  0.041  1.000
V11 -0.038 -0.003 -0.028 -0.020 -0.042  0.015 -0.029 -0.038 -0.042 -0.006
V12 -0.032 -0.038 -0.035 -0.016 -0.076 -0.022 -0.007  0.003 -0.017 -0.060
V13 -0.065 -0.024 -0.015 -0.028 -0.027 -0.020 -0.024 -0.038 -0.015 -0.048
V14 -0.021 -0.013 -0.025 -0.056  0.058 -0.041  0.062  0.046 -0.088 -0.003
V15 -0.046  0.001  0.007 -0.016 -0.060 -0.028 -0.013 -0.003  0.070 -0.037
V16  0.047 -0.055 -0.022 -0.024 -0.029 -0.014 -0.036  0.055 -0.025 -0.027
V17 -0.028  0.005  0.046  0.042 -0.057 -0.037 -0.024 -0.049  0.000 -0.048
V18 -0.029 -0.032 -0.020 -0.001 -0.024 -0.008 -0.033 -0.012 -0.050 -0.031
V19  0.050 -0.029 -0.041 -0.052  0.028 -0.035  0.004  0.007 -0.029 -0.015
V20 -0.027 -0.024 -0.025 -0.035 -0.041 -0.049 -0.030  0.005  0.025 -0.078
V21 -0.037 -0.010 -0.032 -0.051  0.040  0.028  0.055 -0.050 -0.050  0.007
V22  0.013 -0.002  0.063  0.012  0.053 -0.032  0.029  0.032 -0.017 -0.044
V23 -0.007  0.010 -0.029  0.004  0.050 -0.022 -0.021 -0.020 -0.043 -0.011
V24 -0.056 -0.087 -0.024 -0.044 -0.041 -0.048  0.030  0.027 -0.013 -0.056
V25 -0.027 -0.004 -0.035  0.005 -0.070 -0.022 -0.054 -0.044  0.055 -0.041
V26 -0.051 -0.059 -0.044 -0.069 -0.068  0.068 -0.026 -0.007 -0.023  0.076
V27 -0.059 -0.003 -0.041 -0.031 -0.009 -0.023 -0.024 -0.011 -0.049 -0.026
V28 -0.011 -0.021  0.040  0.007 -0.027  0.045 -0.035 -0.031 -0.050 -0.067
V29 -0.035 -0.015 -0.036 -0.036 -0.021 -0.022 -0.064 -0.014  0.063  0.097
V30  0.016  0.050  0.006 -0.030  0.067  0.048  0.058  0.051 -0.059 -0.026
V31 -0.030 -0.028 -0.050 -0.045 -0.113 -0.011 -0.037 -0.007  0.080  0.001
V32  0.045  0.006 -0.021 -0.015  0.041  0.073  0.045 -0.055 -0.063  0.058
V33 -0.005 -0.040  0.057  0.021 -0.051 -0.006  0.005 -0.029 -0.029 -0.036
V34 -0.042 -0.020  0.015  0.056  0.044 -0.026 -0.019 -0.065 -0.035 -0.048
V35  0.067 -0.033 -0.043  0.005 -0.054 -0.052 -0.042 -0.043  0.059 -0.038
V36 -0.052 -0.038 -0.043 -0.068  0.025 -0.030 -0.014 -0.042  0.012  0.008
V37 -0.038 -0.009  0.001 -0.007  0.046 -0.026 -0.002 -0.030  0.020 -0.052
V38 -0.080 -0.035 -0.030  0.041  0.050 -0.005 -0.055  0.032 -0.039  0.064
V39  0.050  0.011 -0.014 -0.046  0.073 -0.023 -0.007 -0.054 -0.030  0.024
V40 -0.032  0.026 -0.007 -0.050 -0.100 -0.034 -0.041  0.040 -0.040  0.059
V41 -0.053  0.025 -0.022  0.003 -0.057 -0.066 -0.064 -0.032  0.028 -0.032
V42  0.026  0.033 -0.042  0.068 -0.073 -0.098 -0.022 -0.100  0.089 -0.060
V43 -0.038 -0.065 -0.004  0.017 -0.067 -0.037 -0.031 -0.048 -0.010 -0.055
V44 -0.012 -0.032 -0.003  0.049 -0.014  0.007 -0.024  0.042 -0.028  0.049
V45 -0.004 -0.029 -0.030 -0.025 -0.049 -0.029 -0.006 -0.023 -0.039 -0.042
V46 -0.037 -0.064 -0.027 -0.026 -0.036  0.052 -0.019 -0.031 -0.050 -0.021
V47 -0.023 -0.018  0.003 -0.039 -0.021  0.048 -0.049  0.007 -0.043  0.000
V48 -0.046 -0.021 -0.039 -0.028  0.029 -0.005 -0.019 -0.016 -0.022 -0.023
V49 -0.012 -0.027  0.002 -0.035 -0.067 -0.006  0.015  0.043 -0.038 -0.033
V50 -0.041 -0.076 -0.062 -0.060 -0.053 -0.041 -0.078 -0.038 -0.058  0.050
       V11    V12    V13    V14    V15    V16    V17    V18    V19    V20
V1  -0.038 -0.032 -0.065 -0.021 -0.046  0.047 -0.028 -0.029  0.050 -0.027
V2  -0.003 -0.038 -0.024 -0.013  0.001 -0.055  0.005 -0.032 -0.029 -0.024
V3  -0.028 -0.035 -0.015 -0.025  0.007 -0.022  0.046 -0.020 -0.041 -0.025
V4  -0.020 -0.016 -0.028 -0.056 -0.016 -0.024  0.042 -0.001 -0.052 -0.035
V5  -0.042 -0.076 -0.027  0.058 -0.060 -0.029 -0.057 -0.024  0.028 -0.041
V6   0.015 -0.022 -0.020 -0.041 -0.028 -0.014 -0.037 -0.008 -0.035 -0.049
V7  -0.029 -0.007 -0.024  0.062 -0.013 -0.036 -0.024 -0.033  0.004 -0.030
V8  -0.038  0.003 -0.038  0.046 -0.003  0.055 -0.049 -0.012  0.007  0.005
V9  -0.042 -0.017 -0.015 -0.088  0.070 -0.025  0.000 -0.050 -0.029  0.025
V10 -0.006 -0.060 -0.048 -0.003 -0.037 -0.027 -0.048 -0.031 -0.015 -0.078
V11  1.000  0.003 -0.032 -0.023 -0.037  0.004 -0.019  0.002 -0.069 -0.003
V12  0.003  1.000 -0.015 -0.054 -0.002 -0.003 -0.005 -0.032 -0.017 -0.002
V13 -0.032 -0.015  1.000 -0.033 -0.020 -0.025  0.054 -0.036 -0.022  0.014
V14 -0.023 -0.054 -0.033  1.000 -0.052 -0.017 -0.029  0.039 -0.037 -0.032
V15 -0.037 -0.002 -0.020 -0.052  1.000 -0.018 -0.009 -0.007 -0.013  0.000
V16  0.004 -0.003 -0.025 -0.017 -0.018  1.000  0.003 -0.015 -0.036  0.040
V17 -0.019 -0.005  0.054 -0.029 -0.009  0.003  1.000 -0.042 -0.017  0.011
V18  0.002 -0.032 -0.036  0.039 -0.007 -0.015 -0.042  1.000 -0.023 -0.015
V19 -0.069 -0.017 -0.022 -0.037 -0.013 -0.036 -0.017 -0.023  1.000 -0.045
V20 -0.003 -0.002  0.014 -0.032  0.000  0.040  0.011 -0.015 -0.045  1.000
V21  0.045  0.057 -0.041 -0.026 -0.048 -0.044 -0.025 -0.060  0.013 -0.052
V22  0.045 -0.064 -0.040 -0.034  0.000 -0.013 -0.069  0.042 -0.032 -0.044
V23 -0.013 -0.034 -0.010 -0.009 -0.028 -0.004 -0.028 -0.030 -0.034 -0.017
V24 -0.078  0.056  0.075 -0.039  0.019 -0.020 -0.054 -0.044 -0.036  0.070
V25 -0.025 -0.004  0.063 -0.052  0.002  0.001  0.066  0.029  0.009  0.051
V26  0.010  0.010  0.041 -0.039 -0.049 -0.036 -0.054 -0.054 -0.015  0.000
V27 -0.034  0.010 -0.015  0.078 -0.019 -0.013  0.046 -0.008 -0.024 -0.010
V28 -0.009  0.037 -0.034 -0.085 -0.025 -0.035 -0.016 -0.064 -0.038 -0.020
V29 -0.023 -0.060 -0.042 -0.037 -0.042 -0.056 -0.074 -0.026  0.001 -0.049
V30 -0.014 -0.048 -0.005 -0.012 -0.052 -0.003 -0.011 -0.033 -0.012 -0.016
V31 -0.055  0.052 -0.050 -0.074  0.010  0.044  0.038  0.041 -0.016 -0.017
V32  0.040 -0.013 -0.067 -0.052 -0.038 -0.027 -0.042  0.036 -0.029 -0.022
V33 -0.022 -0.021 -0.015 -0.037 -0.019 -0.006 -0.017 -0.028 -0.040  0.006
V34  0.054 -0.011 -0.049 -0.010 -0.060  0.039  0.050  0.007 -0.070 -0.018
V35 -0.045 -0.020 -0.038 -0.062  0.059 -0.015 -0.039 -0.045 -0.019 -0.015
V36 -0.070 -0.037  0.013 -0.032  0.093 -0.029  0.083 -0.035  0.041 -0.009
V37 -0.048 -0.003  0.002  0.058 -0.045 -0.036 -0.047 -0.013 -0.044  0.036
V38 -0.009 -0.046 -0.067  0.061 -0.031 -0.081 -0.038  0.043 -0.027 -0.073
V39 -0.010 -0.040 -0.068  0.051 -0.024 -0.030 -0.068 -0.013 -0.021 -0.033
V40  0.044  0.021 -0.091 -0.036 -0.059 -0.019 -0.025 -0.016  0.042 -0.067
V41 -0.017 -0.030  0.054 -0.070  0.078 -0.021 -0.025 -0.013  0.059 -0.021
V42 -0.056 -0.043  0.059 -0.092  0.077 -0.102  0.067 -0.044 -0.077 -0.069
V43 -0.001 -0.015 -0.027 -0.007 -0.004 -0.026 -0.057  0.056  0.037 -0.030
V44 -0.016 -0.015 -0.034 -0.019 -0.038 -0.019 -0.049 -0.021 -0.048 -0.028
V45 -0.025  0.006 -0.001 -0.017 -0.038  0.001 -0.063 -0.008  0.055  0.049
V46  0.033 -0.023  0.057  0.046 -0.042 -0.041 -0.002  0.002 -0.035  0.058
V47 -0.049 -0.031 -0.011  0.064 -0.027 -0.020 -0.024  0.004 -0.024 -0.005
V48 -0.018 -0.035 -0.012 -0.013 -0.045 -0.001 -0.076 -0.022 -0.042 -0.025
V49  0.069 -0.016 -0.010 -0.048  0.053  0.068  0.057  0.011 -0.010  0.052
V50 -0.016  0.063  0.047  0.045 -0.072  0.052 -0.028 -0.055  0.049 -0.042
       V21    V22    V23    V24    V25    V26    V27    V28    V29    V30
V1  -0.037  0.013 -0.007 -0.056 -0.027 -0.051 -0.059 -0.011 -0.035  0.016
V2  -0.010 -0.002  0.010 -0.087 -0.004 -0.059 -0.003 -0.021 -0.015  0.050
V3  -0.032  0.063 -0.029 -0.024 -0.035 -0.044 -0.041  0.040 -0.036  0.006
V4  -0.051  0.012  0.004 -0.044  0.005 -0.069 -0.031  0.007 -0.036 -0.030
V5   0.040  0.053  0.050 -0.041 -0.070 -0.068 -0.009 -0.027 -0.021  0.067
V6   0.028 -0.032 -0.022 -0.048 -0.022  0.068 -0.023  0.045 -0.022  0.048
V7   0.055  0.029 -0.021  0.030 -0.054 -0.026 -0.024 -0.035 -0.064  0.058
V8  -0.050  0.032 -0.020  0.027 -0.044 -0.007 -0.011 -0.031 -0.014  0.051
V9  -0.050 -0.017 -0.043 -0.013  0.055 -0.023 -0.049 -0.050  0.063 -0.059
V10  0.007 -0.044 -0.011 -0.056 -0.041  0.076 -0.026 -0.067  0.097 -0.026
V11  0.045  0.045 -0.013 -0.078 -0.025  0.010 -0.034 -0.009 -0.023 -0.014
V12  0.057 -0.064 -0.034  0.056 -0.004  0.010  0.010  0.037 -0.060 -0.048
V13 -0.041 -0.040 -0.010  0.075  0.063  0.041 -0.015 -0.034 -0.042 -0.005
V14 -0.026 -0.034 -0.009 -0.039 -0.052 -0.039  0.078 -0.085 -0.037 -0.012
V15 -0.048  0.000 -0.028  0.019  0.002 -0.049 -0.019 -0.025 -0.042 -0.052
V16 -0.044 -0.013 -0.004 -0.020  0.001 -0.036 -0.013 -0.035 -0.056 -0.003
V17 -0.025 -0.069 -0.028 -0.054  0.066 -0.054  0.046 -0.016 -0.074 -0.011
V18 -0.060  0.042 -0.030 -0.044  0.029 -0.054 -0.008 -0.064 -0.026 -0.033
V19  0.013 -0.032 -0.034 -0.036  0.009 -0.015 -0.024 -0.038  0.001 -0.012
V20 -0.052 -0.044 -0.017  0.070  0.051  0.000 -0.010 -0.020 -0.049 -0.016
V21  1.000 -0.087 -0.017 -0.059  0.048  0.062  0.010 -0.020  0.072 -0.018
V22 -0.087  1.000 -0.021 -0.099 -0.018 -0.061 -0.078 -0.011 -0.036  0.052
V23 -0.017 -0.021  1.000 -0.030 -0.011  0.040  0.043 -0.036 -0.020  0.010
V24 -0.059 -0.099 -0.030  1.000 -0.056 -0.059 -0.037  0.069 -0.043 -0.066
V25  0.048 -0.018 -0.011 -0.056  1.000 -0.006  0.043 -0.001  0.040 -0.012
V26  0.062 -0.061  0.040 -0.059 -0.006  1.000  0.046 -0.067 -0.022  0.006
V27  0.010 -0.078  0.043 -0.037  0.043  0.046  1.000 -0.051 -0.044 -0.027
V28 -0.020 -0.011 -0.036  0.069 -0.001 -0.067 -0.051  1.000 -0.019 -0.023
V29  0.072 -0.036 -0.020 -0.043  0.040 -0.022 -0.044 -0.019  1.000 -0.068
V30 -0.018  0.052  0.010 -0.066 -0.012  0.006 -0.027 -0.023 -0.068  1.000
V31 -0.030 -0.060 -0.032 -0.003 -0.025  0.061 -0.055 -0.045 -0.042 -0.088
V32  0.001 -0.047  0.014 -0.119 -0.038  0.057 -0.044 -0.006 -0.022  0.022
V33 -0.070 -0.013 -0.015  0.056 -0.045  0.000 -0.039 -0.020 -0.013 -0.049
V34 -0.014 -0.043  0.007 -0.050 -0.053 -0.052 -0.005 -0.014 -0.077  0.045
V35 -0.047 -0.039 -0.031  0.072 -0.008 -0.073 -0.080  0.057 -0.019 -0.040
V36 -0.050 -0.074 -0.053  0.063 -0.007 -0.077  0.044 -0.016 -0.062 -0.027
V37 -0.037 -0.002 -0.044  0.050 -0.026 -0.009 -0.023 -0.028  0.001 -0.012
V38 -0.017 -0.048 -0.030 -0.096 -0.070  0.002 -0.012 -0.051  0.066 -0.029
V39 -0.011  0.067  0.044 -0.066 -0.049 -0.047  0.045 -0.028 -0.023 -0.040
V40  0.075 -0.053  0.023 -0.055 -0.022 -0.018 -0.068  0.051  0.064 -0.037
V41 -0.035 -0.061  0.048  0.033  0.067 -0.075 -0.012 -0.029  0.040 -0.037
V42 -0.104  0.041 -0.059  0.083 -0.032 -0.070 -0.078  0.051  0.045 -0.088
V43 -0.031  0.065 -0.048 -0.010 -0.055 -0.056 -0.061  0.008 -0.018 -0.048
V44 -0.038  0.034 -0.045 -0.044 -0.042 -0.035 -0.042  0.034 -0.016  0.005
V45  0.057 -0.053 -0.020 -0.003 -0.011  0.051  0.017 -0.006  0.026 -0.043
V46 -0.068 -0.045 -0.060  0.071 -0.020 -0.006 -0.016 -0.039 -0.063 -0.024
V47 -0.038  0.050 -0.028 -0.076 -0.041  0.048 -0.002 -0.027 -0.035  0.006
V48 -0.051 -0.008 -0.025  0.068 -0.052 -0.024 -0.005  0.030  0.033 -0.040
V49 -0.023  0.068 -0.041 -0.047 -0.012 -0.051 -0.026 -0.004 -0.075  0.012
V50  0.084 -0.105 -0.024 -0.034 -0.023  0.099  0.051 -0.073  0.003 -0.062
       V31    V32    V33    V34    V35    V36    V37    V38    V39    V40
V1  -0.030  0.045 -0.005 -0.042  0.067 -0.052 -0.038 -0.080  0.050 -0.032
V2  -0.028  0.006 -0.040 -0.020 -0.033 -0.038 -0.009 -0.035  0.011  0.026
V3  -0.050 -0.021  0.057  0.015 -0.043 -0.043  0.001 -0.030 -0.014 -0.007
V4  -0.045 -0.015  0.021  0.056  0.005 -0.068 -0.007  0.041 -0.046 -0.050
V5  -0.113  0.041 -0.051  0.044 -0.054  0.025  0.046  0.050  0.073 -0.100
V6  -0.011  0.073 -0.006 -0.026 -0.052 -0.030 -0.026 -0.005 -0.023 -0.034
V7  -0.037  0.045  0.005 -0.019 -0.042 -0.014 -0.002 -0.055 -0.007 -0.041
V8  -0.007 -0.055 -0.029 -0.065 -0.043 -0.042 -0.030  0.032 -0.054  0.040
V9   0.080 -0.063 -0.029 -0.035  0.059  0.012  0.020 -0.039 -0.030 -0.040
V10  0.001  0.058 -0.036 -0.048 -0.038  0.008 -0.052  0.064  0.024  0.059
V11 -0.055  0.040 -0.022  0.054 -0.045 -0.070 -0.048 -0.009 -0.010  0.044
V12  0.052 -0.013 -0.021 -0.011 -0.020 -0.037 -0.003 -0.046 -0.040  0.021
V13 -0.050 -0.067 -0.015 -0.049 -0.038  0.013  0.002 -0.067 -0.068 -0.091
V14 -0.074 -0.052 -0.037 -0.010 -0.062 -0.032  0.058  0.061  0.051 -0.036
V15  0.010 -0.038 -0.019 -0.060  0.059  0.093 -0.045 -0.031 -0.024 -0.059
V16  0.044 -0.027 -0.006  0.039 -0.015 -0.029 -0.036 -0.081 -0.030 -0.019
V17  0.038 -0.042 -0.017  0.050 -0.039  0.083 -0.047 -0.038 -0.068 -0.025
V18  0.041  0.036 -0.028  0.007 -0.045 -0.035 -0.013  0.043 -0.013 -0.016
V19 -0.016 -0.029 -0.040 -0.070 -0.019  0.041 -0.044 -0.027 -0.021  0.042
V20 -0.017 -0.022  0.006 -0.018 -0.015 -0.009  0.036 -0.073 -0.033 -0.067
V21 -0.030  0.001 -0.070 -0.014 -0.047 -0.050 -0.037 -0.017 -0.011  0.075
V22 -0.060 -0.047 -0.013 -0.043 -0.039 -0.074 -0.002 -0.048  0.067 -0.053
V23 -0.032  0.014 -0.015  0.007 -0.031 -0.053 -0.044 -0.030  0.044  0.023
V24 -0.003 -0.119  0.056 -0.050  0.072  0.063  0.050 -0.096 -0.066 -0.055
V25 -0.025 -0.038 -0.045 -0.053 -0.008 -0.007 -0.026 -0.070 -0.049 -0.022
V26  0.061  0.057  0.000 -0.052 -0.073 -0.077 -0.009  0.002 -0.047 -0.018
V27 -0.055 -0.044 -0.039 -0.005 -0.080  0.044 -0.023 -0.012  0.045 -0.068
V28 -0.045 -0.006 -0.020 -0.014  0.057 -0.016 -0.028 -0.051 -0.028  0.051
V29 -0.042 -0.022 -0.013 -0.077 -0.019 -0.062  0.001  0.066 -0.023  0.064
V30 -0.088  0.022 -0.049  0.045 -0.040 -0.027 -0.012 -0.029 -0.040 -0.037
V31  1.000 -0.015 -0.022 -0.092  0.012  0.048 -0.032 -0.037 -0.056  0.052
V32 -0.015  1.000 -0.017 -0.006  0.029 -0.058 -0.031  0.045 -0.023 -0.031
V33 -0.022 -0.017  1.000 -0.009 -0.012 -0.021 -0.011 -0.044  0.032 -0.023
V34 -0.092 -0.006 -0.009  1.000 -0.050 -0.070 -0.016  0.055  0.059  0.034
V35  0.012  0.029 -0.012 -0.050  1.000 -0.002 -0.050 -0.071 -0.034  0.062
V36  0.048 -0.058 -0.021 -0.070 -0.002  1.000 -0.030 -0.069 -0.091 -0.098
V37 -0.032 -0.031 -0.011 -0.016 -0.050 -0.030  1.000 -0.015 -0.019 -0.100
V38 -0.037  0.045 -0.044  0.055 -0.071 -0.069 -0.015  1.000 -0.019 -0.038
V39 -0.056 -0.023  0.032  0.059 -0.034 -0.091 -0.019 -0.019  1.000 -0.047
V40  0.052 -0.031 -0.023  0.034  0.062 -0.098 -0.100 -0.038 -0.047  1.000
V41 -0.027 -0.053 -0.046 -0.035  0.071  0.066 -0.045  0.035 -0.043 -0.028
V42  0.070 -0.087  0.055 -0.050  0.082  0.071 -0.012  0.013  0.042 -0.023
V43 -0.004 -0.053 -0.046 -0.026  0.043 -0.024 -0.020 -0.049 -0.029  0.054
V44 -0.054  0.050  0.034 -0.041 -0.037 -0.033  0.044  0.073 -0.029 -0.048
V45 -0.037 -0.019 -0.031 -0.014 -0.041 -0.059 -0.037 -0.018 -0.019 -0.032
V46 -0.026 -0.042 -0.022  0.032 -0.047  0.035  0.005 -0.030 -0.053 -0.046
V47 -0.069 -0.008  0.048 -0.013 -0.058  0.013 -0.026  0.051  0.052 -0.053
V48 -0.035 -0.028 -0.017  0.013 -0.030 -0.031  0.013  0.041 -0.044 -0.031
V49 -0.044 -0.007  0.001 -0.030 -0.010  0.046 -0.043 -0.070 -0.037 -0.061
V50  0.090 -0.033 -0.039 -0.041 -0.084 -0.035  0.034 -0.035 -0.091  0.068
       V41    V42    V43    V44    V45    V46    V47    V48    V49    V50
V1  -0.053  0.026 -0.038 -0.012 -0.004 -0.037 -0.023 -0.046 -0.012 -0.041
V2   0.025  0.033 -0.065 -0.032 -0.029 -0.064 -0.018 -0.021 -0.027 -0.076
V3  -0.022 -0.042 -0.004 -0.003 -0.030 -0.027  0.003 -0.039  0.002 -0.062
V4   0.003  0.068  0.017  0.049 -0.025 -0.026 -0.039 -0.028 -0.035 -0.060
V5  -0.057 -0.073 -0.067 -0.014 -0.049 -0.036 -0.021  0.029 -0.067 -0.053
V6  -0.066 -0.098 -0.037  0.007 -0.029  0.052  0.048 -0.005 -0.006 -0.041
V7  -0.064 -0.022 -0.031 -0.024 -0.006 -0.019 -0.049 -0.019  0.015 -0.078
V8  -0.032 -0.100 -0.048  0.042 -0.023 -0.031  0.007 -0.016  0.043 -0.038
V9   0.028  0.089 -0.010 -0.028 -0.039 -0.050 -0.043 -0.022 -0.038 -0.058
V10 -0.032 -0.060 -0.055  0.049 -0.042 -0.021  0.000 -0.023 -0.033  0.050
V11 -0.017 -0.056 -0.001 -0.016 -0.025  0.033 -0.049 -0.018  0.069 -0.016
V12 -0.030 -0.043 -0.015 -0.015  0.006 -0.023 -0.031 -0.035 -0.016  0.063
V13  0.054  0.059 -0.027 -0.034 -0.001  0.057 -0.011 -0.012 -0.010  0.047
V14 -0.070 -0.092 -0.007 -0.019 -0.017  0.046  0.064 -0.013 -0.048  0.045
V15  0.078  0.077 -0.004 -0.038 -0.038 -0.042 -0.027 -0.045  0.053 -0.072
V16 -0.021 -0.102 -0.026 -0.019  0.001 -0.041 -0.020 -0.001  0.068  0.052
V17 -0.025  0.067 -0.057 -0.049 -0.063 -0.002 -0.024 -0.076  0.057 -0.028
V18 -0.013 -0.044  0.056 -0.021 -0.008  0.002  0.004 -0.022  0.011 -0.055
V19  0.059 -0.077  0.037 -0.048  0.055 -0.035 -0.024 -0.042 -0.010  0.049
V20 -0.021 -0.069 -0.030 -0.028  0.049  0.058 -0.005 -0.025  0.052 -0.042
V21 -0.035 -0.104 -0.031 -0.038  0.057 -0.068 -0.038 -0.051 -0.023  0.084
V22 -0.061  0.041  0.065  0.034 -0.053 -0.045  0.050 -0.008  0.068 -0.105
V23  0.048 -0.059 -0.048 -0.045 -0.020 -0.060 -0.028 -0.025 -0.041 -0.024
V24  0.033  0.083 -0.010 -0.044 -0.003  0.071 -0.076  0.068 -0.047 -0.034
V25  0.067 -0.032 -0.055 -0.042 -0.011 -0.020 -0.041 -0.052 -0.012 -0.023
V26 -0.075 -0.070 -0.056 -0.035  0.051 -0.006  0.048 -0.024 -0.051  0.099
V27 -0.012 -0.078 -0.061 -0.042  0.017 -0.016 -0.002 -0.005 -0.026  0.051
V28 -0.029  0.051  0.008  0.034 -0.006 -0.039 -0.027  0.030 -0.004 -0.073
V29  0.040  0.045 -0.018 -0.016  0.026 -0.063 -0.035  0.033 -0.075  0.003
V30 -0.037 -0.088 -0.048  0.005 -0.043 -0.024  0.006 -0.040  0.012 -0.062
V31 -0.027  0.070 -0.004 -0.054 -0.037 -0.026 -0.069 -0.035 -0.044  0.090
V32 -0.053 -0.087 -0.053  0.050 -0.019 -0.042 -0.008 -0.028 -0.007 -0.033
V33 -0.046  0.055 -0.046  0.034 -0.031 -0.022  0.048 -0.017  0.001 -0.039
V34 -0.035 -0.050 -0.026 -0.041 -0.014  0.032 -0.013  0.013 -0.030 -0.041
V35  0.071  0.082  0.043 -0.037 -0.041 -0.047 -0.058 -0.030 -0.010 -0.084
V36  0.066  0.071 -0.024 -0.033 -0.059  0.035  0.013 -0.031  0.046 -0.035
V37 -0.045 -0.012 -0.020  0.044 -0.037  0.005 -0.026  0.013 -0.043  0.034
V38  0.035  0.013 -0.049  0.073 -0.018 -0.030  0.051  0.041 -0.070 -0.035
V39 -0.043  0.042 -0.029 -0.029 -0.019 -0.053  0.052 -0.044 -0.037 -0.091
V40 -0.028 -0.023  0.054 -0.048 -0.032 -0.046 -0.053 -0.031 -0.061  0.068
V41  1.000 -0.024 -0.010 -0.035 -0.007 -0.045 -0.064 -0.042 -0.024 -0.081
V42 -0.024  1.000 -0.020 -0.061 -0.094 -0.074 -0.079 -0.034 -0.047 -0.009
V43 -0.010 -0.020  1.000  0.030  0.028  0.047 -0.007  0.038 -0.018 -0.024
V44 -0.035 -0.061  0.030  1.000 -0.030 -0.016 -0.008 -0.020 -0.008 -0.035
V45 -0.007 -0.094  0.028 -0.030  1.000  0.000  0.002 -0.028 -0.038  0.061
V46 -0.045 -0.074  0.047 -0.016  0.000  1.000  0.003  0.066  0.003 -0.024
V47 -0.064 -0.079 -0.007 -0.008  0.002  0.003  1.000 -0.057  0.018 -0.068
V48 -0.042 -0.034  0.038 -0.020 -0.028  0.066 -0.057  1.000 -0.052  0.039
V49 -0.024 -0.047 -0.018 -0.008 -0.038  0.003  0.018 -0.052  1.000 -0.067
V50 -0.081 -0.009 -0.024 -0.035  0.061 -0.024 -0.068  0.039 -0.067  1.000
[1] "The counts generated in the last step look as follows:"
      [,1] [,2] [,3] [,4] [,5] [,6]
 [1,]    7    6    9    8   13    9
 [2,]    9    7    9    5   12   10
 [3,]    5    3    8    5    6    6
 [4,]    9    8    4    7    5    7
 [5,]   12   12   13   14   18   16
 [6,]   13    5    7   10    3    5
 [7,]   11   10    7    7    9    6
 [8,]   15   12    5   11    6    6
 [9,]    5   13   10   10    8    7
[10,]    8    6    7    4   11   15
[11,]    4    7    8    8    6   10
[12,]    6    6    7    5    5    7
[13,]   13    4   19   13   10    7
[14,]   10    9    6    7    7    4
[15,]    6    7    7    6    8    8
[16,]    5    4    8    7    9    9
[17,]   11   16   14    4    8   13
[18,]   10    9    7   12    6    1
[19,]   18   10   14    6   12    7
[20,]    8    8    7   10    4    7
[21,]   13    7    8    9   13   14
[22,]   11   12   14   11   16    8
[23,]   14    8    7   11    6   12
[24,]   14   12   11   17   17   16
[25,]    6    8   10    3    9    5
[26,]   18   12   10   17    8    9
[27,]    6   12   10    9    8    5
[28,]    7    6    8    4    9    6
[29,]    8    9   12   12   15    9
[30,]    5    6    5    2    4    8
[31,]   11   11    9   17    8   16
[32,]    6    8   12   10    7   12
[33,]    4    4    5    9    6   12
[34,]    7   10    9   19   10   11
[35,]   10    8    6    7   11   11
[36,]   10   15   16   11   15   12
[37,]    5    7    7    7    8    9
[38,]   14   19   10   22   15   14
[39,]    8   18   10   16   10   11
[40,]   13    6   14    6   17   21
[41,]   12   22   15   11   12   10
[42,]   22   24   21   20   21   28
[43,]    8   12   10   15    9   12
[44,]    5    4    1    6    1    6
[45,]    9    4   15   11    6   11
[46,]    9   15   13   17    9    8
[47,]    5   11   11    9    9    6
[48,]    6   18    4    8   13    6
[49,]    9   11    7    5    8    6
[50,]   10   12    6   14    8   11
[1] "The data was created with a eta of"
 [1] 5 5 5 5 5 5 5 5 5 5 5 5 5 5 5 5 5 5 5 5 5 5 5 5 5 5 5 5 5 5 5 5 5 5 5 5 5 5
[39] 5 5 5 5 5 5 5 5 5 5 5 5
[1] "The data was created with the following theta matrix:"
        [,1]   [,2]   [,3]   [,4]   [,5]   [,6]   [,7]   [,8]   [,9]  [,10]
 [1,]  0.000 -0.006  0.000 -0.007 -0.005 -0.007  0.000  0.000 -0.007 -0.008
 [2,] -0.006  0.000 -0.005 -0.006  0.000 -0.006  0.000 -0.007 -0.008 -0.007
 [3,]  0.000 -0.005  0.000 -0.006  0.000 -0.005 -0.005 -0.009 -0.009 -0.008
 [4,] -0.007 -0.006 -0.006  0.000 -0.010  0.000 -0.009 -0.009  0.000 -0.010
 [5,] -0.005  0.000  0.000 -0.010  0.000 -0.008 -0.005 -0.007 -0.008 -0.008
 [6,] -0.007 -0.006 -0.005  0.000 -0.008  0.000 -0.008 -0.007 -0.010  0.000
 [7,]  0.000  0.000 -0.005 -0.009 -0.005 -0.008  0.000 -0.008 -0.010 -0.009
 [8,]  0.000 -0.007 -0.009 -0.009 -0.007 -0.007 -0.008  0.000 -0.008 -0.008
 [9,] -0.007 -0.008 -0.009  0.000 -0.008 -0.010 -0.010 -0.008  0.000  0.000
[10,] -0.008 -0.007 -0.008 -0.010 -0.008  0.000 -0.009 -0.008  0.000  0.000
[11,] -0.008 -0.006 -0.008 -0.009 -0.010 -0.006 -0.009 -0.010 -0.008 -0.007
[12,] -0.006 -0.008 -0.009 -0.005 -0.009 -0.009 -0.007 -0.006 -0.008 -0.009
[13,] -0.009 -0.006 -0.006 -0.007 -0.006 -0.008 -0.007 -0.009 -0.006 -0.007
[14,] -0.006 -0.006 -0.007 -0.007  0.000 -0.007  0.000  0.000 -0.008 -0.006
[15,] -0.010 -0.006 -0.006 -0.009 -0.009 -0.007 -0.006 -0.005  0.000 -0.009
[16,]  0.000 -0.009 -0.008 -0.007 -0.006 -0.006 -0.009  0.000 -0.007 -0.009
[17,] -0.007 -0.005  0.000  0.000 -0.008 -0.010 -0.007 -0.008 -0.006 -0.008
[18,] -0.008 -0.008 -0.010 -0.009 -0.009 -0.007 -0.008 -0.009 -0.010 -0.008
[19,]  0.000 -0.008 -0.010 -0.008  0.000 -0.006 -0.006 -0.006 -0.007 -0.009
[20,] -0.007 -0.006 -0.006 -0.010 -0.008 -0.010 -0.009 -0.007  0.000 -0.010
[21,] -0.007 -0.006 -0.008 -0.010  0.000  0.000  0.000 -0.007 -0.005 -0.006
[22,] -0.006 -0.007  0.000  0.000  0.000 -0.007  0.000  0.000 -0.007 -0.007
[23,] -0.008 -0.006 -0.010 -0.006  0.000 -0.009 -0.007 -0.007 -0.007 -0.006
[24,] -0.009 -0.009 -0.006 -0.006 -0.005 -0.006  0.000  0.000 -0.006 -0.005
[25,] -0.007 -0.007 -0.008 -0.006 -0.010 -0.008 -0.007 -0.010  0.000 -0.009
[26,] -0.008 -0.009 -0.007 -0.010 -0.010  0.000 -0.008 -0.005 -0.007  0.000
[27,] -0.009 -0.005 -0.009 -0.007 -0.007 -0.008 -0.009 -0.005 -0.008 -0.008
[28,] -0.007 -0.007  0.000 -0.006 -0.005  0.000 -0.010 -0.007 -0.010 -0.010
[29,] -0.007 -0.007 -0.007 -0.007 -0.005 -0.006 -0.009 -0.006  0.000  0.000
[30,] -0.005  0.000 -0.006 -0.009  0.000  0.000  0.000  0.000 -0.008 -0.008
[31,] -0.006 -0.006 -0.007 -0.009 -0.009 -0.006 -0.007 -0.005  0.000 -0.006
[32,]  0.000 -0.005 -0.009 -0.007  0.000  0.000  0.000 -0.010 -0.008  0.000
[33,] -0.008 -0.010  0.000 -0.006 -0.009 -0.005 -0.005 -0.007 -0.008 -0.009
[34,] -0.008 -0.008 -0.005  0.000  0.000 -0.009 -0.008 -0.008 -0.007 -0.010
[35,]  0.000 -0.008 -0.009 -0.006 -0.006 -0.009 -0.008 -0.007  0.000 -0.008
[36,] -0.007 -0.008 -0.008 -0.009  0.000 -0.008 -0.005 -0.007 -0.005  0.000
[37,] -0.009 -0.006 -0.006 -0.007  0.000 -0.007 -0.007 -0.008  0.000 -0.010
[38,] -0.010 -0.008 -0.006  0.000  0.000 -0.006 -0.008  0.000 -0.008  0.000
[39,]  0.000 -0.005 -0.008 -0.009  0.000 -0.006 -0.007 -0.008 -0.006  0.000
[40,] -0.006  0.000 -0.005 -0.008 -0.010 -0.009 -0.008  0.000 -0.008  0.000
[41,] -0.009  0.000 -0.007 -0.005 -0.009 -0.010 -0.009 -0.008 -0.006 -0.008
[42,]  0.000  0.000 -0.009  0.000 -0.007 -0.008 -0.005 -0.009  0.000 -0.007
[43,] -0.010 -0.009 -0.008 -0.005 -0.009 -0.009 -0.009 -0.009 -0.006 -0.010
[44,] -0.006 -0.008 -0.007  0.000 -0.009 -0.010 -0.008  0.000 -0.009  0.000
[45,] -0.007 -0.007 -0.009 -0.006 -0.008 -0.009 -0.005 -0.008 -0.010 -0.009
[46,] -0.007 -0.010 -0.007 -0.007 -0.007  0.000 -0.006 -0.008 -0.007 -0.006
[47,] -0.006 -0.005 -0.007 -0.009 -0.008  0.000 -0.010 -0.006 -0.006 -0.006
[48,] -0.007 -0.006 -0.009 -0.008  0.000 -0.006 -0.006 -0.006 -0.006 -0.007
[49,] -0.009 -0.007 -0.009 -0.010 -0.009 -0.007 -0.005  0.000 -0.009 -0.006
[50,] -0.006 -0.009 -0.009 -0.007 -0.006 -0.009 -0.010 -0.007 -0.009  0.000
       [,11]  [,12]  [,13]  [,14]  [,15]  [,16]  [,17]  [,18]  [,19]  [,20]
 [1,] -0.008 -0.006 -0.009 -0.006 -0.010  0.000 -0.007 -0.008  0.000 -0.007
 [2,] -0.006 -0.008 -0.006 -0.006 -0.006 -0.009 -0.005 -0.008 -0.008 -0.006
 [3,] -0.008 -0.009 -0.006 -0.007 -0.006 -0.008  0.000 -0.010 -0.010 -0.006
 [4,] -0.009 -0.005 -0.007 -0.007 -0.009 -0.007  0.000 -0.009 -0.008 -0.010
 [5,] -0.010 -0.009 -0.006  0.000 -0.009 -0.006 -0.008 -0.009  0.000 -0.008
 [6,] -0.006 -0.009 -0.008 -0.007 -0.007 -0.006 -0.010 -0.007 -0.006 -0.010
 [7,] -0.009 -0.007 -0.007  0.000 -0.006 -0.009 -0.007 -0.008 -0.006 -0.009
 [8,] -0.010 -0.006 -0.009  0.000 -0.005  0.000 -0.008 -0.009 -0.006 -0.007
 [9,] -0.008 -0.008 -0.006 -0.008  0.000 -0.007 -0.006 -0.010 -0.007  0.000
[10,] -0.007 -0.009 -0.007 -0.006 -0.009 -0.009 -0.008 -0.008 -0.009 -0.010
[11,]  0.000 -0.005 -0.009 -0.007 -0.009 -0.006 -0.006 -0.008 -0.010 -0.005
[12,] -0.005  0.000 -0.005 -0.009 -0.007 -0.007 -0.006 -0.009 -0.005 -0.007
[13,] -0.009 -0.005  0.000 -0.006 -0.007 -0.006  0.000 -0.009 -0.006 -0.007
[14,] -0.007 -0.009 -0.006  0.000 -0.008 -0.009 -0.006  0.000 -0.008 -0.007
[15,] -0.009 -0.007 -0.007 -0.008  0.000 -0.007 -0.009 -0.006 -0.006 -0.006
[16,] -0.006 -0.007 -0.006 -0.009 -0.007  0.000 -0.007 -0.009 -0.010  0.000
[17,] -0.006 -0.006  0.000 -0.006 -0.009 -0.007  0.000 -0.009 -0.008 -0.006
[18,] -0.008 -0.009 -0.009  0.000 -0.006 -0.009 -0.009  0.000 -0.006 -0.006
[19,] -0.010 -0.005 -0.006 -0.008 -0.006 -0.010 -0.008 -0.006  0.000 -0.009
[20,] -0.005 -0.007 -0.007 -0.007 -0.006  0.000 -0.006 -0.006 -0.009  0.000
[21,]  0.000  0.000 -0.008 -0.005 -0.010 -0.009 -0.005 -0.010 -0.007 -0.009
[22,]  0.000 -0.009 -0.006 -0.008 -0.006 -0.006 -0.009  0.000 -0.005 -0.008
[23,] -0.008 -0.007 -0.006 -0.007 -0.009 -0.005 -0.007 -0.009 -0.009 -0.006
[24,] -0.008  0.000  0.000 -0.006 -0.006 -0.005 -0.009 -0.006 -0.007  0.000
[25,] -0.008 -0.006  0.000 -0.006 -0.009 -0.005  0.000  0.000 -0.005  0.000
[26,] -0.005 -0.005  0.000 -0.009 -0.010 -0.010 -0.008 -0.008 -0.005 -0.007
[27,] -0.008 -0.007 -0.008  0.000 -0.007 -0.006  0.000 -0.006 -0.008 -0.006
[28,] -0.008  0.000 -0.008 -0.010 -0.009 -0.008 -0.007 -0.009 -0.009 -0.009
[29,] -0.007 -0.009 -0.009 -0.008 -0.010 -0.010 -0.010 -0.008 -0.006 -0.008
[30,] -0.006 -0.007 -0.006 -0.009 -0.010 -0.005 -0.005 -0.009 -0.006 -0.007
[31,] -0.010  0.000 -0.010 -0.009 -0.005  0.000  0.000  0.000 -0.006 -0.006
[32,]  0.000 -0.006 -0.009 -0.010 -0.005 -0.009 -0.008  0.000 -0.008 -0.009
[33,] -0.005 -0.008 -0.009 -0.009 -0.010 -0.007 -0.006 -0.009 -0.008 -0.007
[34,]  0.000 -0.006 -0.006 -0.008 -0.010  0.000  0.000 -0.005 -0.009 -0.006
[35,] -0.006 -0.008 -0.008 -0.006  0.000 -0.007 -0.009 -0.009 -0.005 -0.007
[36,] -0.008 -0.007 -0.005 -0.006  0.000 -0.007  0.000 -0.005  0.000 -0.006
[37,] -0.007 -0.008 -0.006  0.000 -0.009 -0.010 -0.008 -0.006 -0.009  0.000
[38,] -0.005 -0.006 -0.008  0.000 -0.008 -0.009 -0.005  0.000 -0.006 -0.009
[39,] -0.007 -0.006 -0.010  0.000 -0.006 -0.006 -0.010 -0.008 -0.006 -0.006
[40,]  0.000 -0.006 -0.010 -0.006 -0.008 -0.009 -0.005 -0.005  0.000 -0.010
[41,] -0.005 -0.007  0.000 -0.008  0.000 -0.007 -0.008 -0.006  0.000 -0.008
[42,] -0.006 -0.007  0.000 -0.008  0.000 -0.010  0.000 -0.006 -0.009 -0.009
[43,] -0.006 -0.006 -0.009 -0.005 -0.005 -0.007 -0.008  0.000  0.000 -0.009
[44,] -0.008 -0.006 -0.007 -0.008 -0.009 -0.008 -0.009 -0.009 -0.010 -0.007
[45,] -0.008 -0.005 -0.007 -0.009 -0.010 -0.005 -0.008 -0.007  0.000  0.000
[46,]  0.000 -0.008  0.000  0.000 -0.010 -0.010 -0.007 -0.007 -0.009  0.000
[47,] -0.009 -0.006 -0.005  0.000 -0.009 -0.008 -0.005 -0.007 -0.007 -0.006
[48,] -0.006 -0.010 -0.007 -0.008 -0.008 -0.006 -0.010 -0.007 -0.008 -0.009
[49,]  0.000 -0.008 -0.007 -0.009  0.000  0.000  0.000 -0.005 -0.005  0.000
[50,] -0.007  0.000  0.000  0.000 -0.009  0.000 -0.008 -0.009  0.000 -0.008
       [,21]  [,22]  [,23]  [,24]  [,25]  [,26]  [,27]  [,28]  [,29]  [,30]
 [1,] -0.007 -0.006 -0.008 -0.009 -0.007 -0.008 -0.009 -0.007 -0.007 -0.005
 [2,] -0.006 -0.007 -0.006 -0.009 -0.007 -0.009 -0.005 -0.007 -0.007  0.000
 [3,] -0.008  0.000 -0.010 -0.006 -0.008 -0.007 -0.009  0.000 -0.007 -0.006
 [4,] -0.010  0.000 -0.006 -0.006 -0.006 -0.010 -0.007 -0.006 -0.007 -0.009
 [5,]  0.000  0.000  0.000 -0.005 -0.010 -0.010 -0.007 -0.005 -0.005  0.000
 [6,]  0.000 -0.007 -0.009 -0.006 -0.008  0.000 -0.008  0.000 -0.006  0.000
 [7,]  0.000  0.000 -0.007  0.000 -0.007 -0.008 -0.009 -0.010 -0.009  0.000
 [8,] -0.007  0.000 -0.007  0.000 -0.010 -0.005 -0.005 -0.007 -0.006  0.000
 [9,] -0.005 -0.007 -0.007 -0.006  0.000 -0.007 -0.008 -0.010  0.000 -0.008
[10,] -0.006 -0.007 -0.006 -0.005 -0.009  0.000 -0.008 -0.010  0.000 -0.008
[11,]  0.000  0.000 -0.008 -0.008 -0.008 -0.005 -0.008 -0.008 -0.007 -0.006
[12,]  0.000 -0.009 -0.007  0.000 -0.006 -0.005 -0.007  0.000 -0.009 -0.007
[13,] -0.008 -0.006 -0.006  0.000  0.000  0.000 -0.008 -0.008 -0.009 -0.006
[14,] -0.005 -0.008 -0.007 -0.006 -0.006 -0.009  0.000 -0.010 -0.008 -0.009
[15,] -0.010 -0.006 -0.009 -0.006 -0.009 -0.010 -0.007 -0.009 -0.010 -0.010
[16,] -0.009 -0.006 -0.005 -0.005 -0.005 -0.010 -0.006 -0.008 -0.010 -0.005
[17,] -0.005 -0.009 -0.007 -0.009  0.000 -0.008  0.000 -0.007 -0.010 -0.005
[18,] -0.010  0.000 -0.009 -0.006  0.000 -0.008 -0.006 -0.009 -0.008 -0.009
[19,] -0.007 -0.005 -0.009 -0.007 -0.005 -0.005 -0.008 -0.009 -0.006 -0.006
[20,] -0.009 -0.008 -0.006  0.000  0.000 -0.007 -0.006 -0.009 -0.008 -0.007
[21,]  0.000 -0.010 -0.008 -0.006  0.000  0.000 -0.005 -0.006  0.000 -0.008
[22,] -0.010  0.000 -0.007 -0.009 -0.006 -0.009 -0.009 -0.006 -0.007  0.000
[23,] -0.008 -0.007  0.000 -0.006 -0.009  0.000  0.000 -0.009 -0.007 -0.007
[24,] -0.006 -0.009 -0.006  0.000 -0.009 -0.006 -0.006  0.000 -0.007 -0.008
[25,]  0.000 -0.006 -0.009 -0.009  0.000 -0.007  0.000 -0.005  0.000 -0.008
[26,]  0.000 -0.009  0.000 -0.006 -0.007  0.000  0.000 -0.010 -0.005 -0.007
[27,] -0.005 -0.009  0.000 -0.006  0.000  0.000  0.000 -0.007 -0.007 -0.008
[28,] -0.006 -0.006 -0.009  0.000 -0.005 -0.010 -0.007  0.000 -0.008 -0.008
[29,]  0.000 -0.007 -0.007 -0.007  0.000 -0.005 -0.007 -0.008  0.000 -0.010
[30,] -0.008  0.000 -0.007 -0.008 -0.008 -0.007 -0.008 -0.008 -0.010  0.000
[31,] -0.007 -0.006 -0.005 -0.006 -0.008  0.000 -0.010 -0.009 -0.008 -0.009
[32,] -0.008 -0.010 -0.005 -0.010 -0.008  0.000 -0.009 -0.006 -0.008 -0.005
[33,] -0.010 -0.007 -0.007  0.000 -0.009 -0.006 -0.008 -0.009 -0.005 -0.009
[34,] -0.005 -0.009 -0.006 -0.005 -0.010 -0.008 -0.006 -0.006 -0.010  0.000
[35,] -0.009 -0.006 -0.008  0.000 -0.006 -0.006 -0.010  0.000 -0.007 -0.009
[36,] -0.006 -0.010 -0.009  0.000 -0.007 -0.009  0.000 -0.005 -0.007 -0.006
[37,] -0.009 -0.007 -0.010  0.000 -0.007 -0.006 -0.009 -0.009 -0.006 -0.008
[38,] -0.005 -0.009 -0.008 -0.009 -0.010 -0.006 -0.006 -0.007  0.000 -0.008
[39,] -0.005  0.000  0.000 -0.007 -0.009 -0.008  0.000 -0.008 -0.006 -0.008
[40,]  0.000 -0.008  0.000 -0.007 -0.006 -0.007 -0.009  0.000  0.000 -0.008
[41,] -0.007 -0.007  0.000  0.000  0.000 -0.010 -0.005 -0.008  0.000 -0.006
[42,] -0.008  0.000 -0.008  0.000 -0.006 -0.006 -0.009  0.000  0.000 -0.008
[43,] -0.007  0.000 -0.010 -0.006 -0.010 -0.008 -0.010 -0.007 -0.008 -0.010
[44,] -0.006  0.000 -0.009 -0.010 -0.009 -0.010 -0.008  0.000 -0.009 -0.007
[45,]  0.000 -0.008 -0.008 -0.005 -0.008  0.000 -0.006 -0.005  0.000 -0.008
[46,] -0.010 -0.007 -0.009  0.000 -0.007 -0.006 -0.008 -0.010 -0.009 -0.009
[47,] -0.009  0.000 -0.008 -0.008 -0.008  0.000 -0.007 -0.006 -0.007 -0.007
[48,] -0.009 -0.005 -0.006  0.000 -0.009 -0.008 -0.005  0.000  0.000 -0.009
[49,] -0.007  0.000 -0.010 -0.009 -0.009 -0.007 -0.006 -0.006 -0.009 -0.007
[50,]  0.000 -0.008 -0.006 -0.008 -0.008  0.000  0.000 -0.008 -0.008 -0.007
       [,31]  [,32]  [,33]  [,34]  [,35]  [,36]  [,37]  [,38]  [,39]  [,40]
 [1,] -0.006  0.000 -0.008 -0.008  0.000 -0.007 -0.009 -0.010  0.000 -0.006
 [2,] -0.006 -0.005 -0.010 -0.008 -0.008 -0.008 -0.006 -0.008 -0.005  0.000
 [3,] -0.007 -0.009  0.000 -0.005 -0.009 -0.008 -0.006 -0.006 -0.008 -0.005
 [4,] -0.009 -0.007 -0.006  0.000 -0.006 -0.009 -0.007  0.000 -0.009 -0.008
 [5,] -0.009  0.000 -0.009  0.000 -0.006  0.000  0.000  0.000  0.000 -0.010
 [6,] -0.006  0.000 -0.005 -0.009 -0.009 -0.008 -0.007 -0.006 -0.006 -0.009
 [7,] -0.007  0.000 -0.005 -0.008 -0.008 -0.005 -0.007 -0.008 -0.007 -0.008
 [8,] -0.005 -0.010 -0.007 -0.008 -0.007 -0.007 -0.008  0.000 -0.008  0.000
 [9,]  0.000 -0.008 -0.008 -0.007  0.000 -0.005  0.000 -0.008 -0.006 -0.008
[10,] -0.006  0.000 -0.009 -0.010 -0.008  0.000 -0.010  0.000  0.000  0.000
[11,] -0.010  0.000 -0.005  0.000 -0.006 -0.008 -0.007 -0.005 -0.007  0.000
[12,]  0.000 -0.006 -0.008 -0.006 -0.008 -0.007 -0.008 -0.006 -0.006 -0.006
[13,] -0.010 -0.009 -0.009 -0.006 -0.008 -0.005 -0.006 -0.008 -0.010 -0.010
[14,] -0.009 -0.010 -0.009 -0.008 -0.006 -0.006  0.000  0.000  0.000 -0.006
[15,] -0.005 -0.005 -0.010 -0.010  0.000  0.000 -0.009 -0.008 -0.006 -0.008
[16,]  0.000 -0.009 -0.007  0.000 -0.007 -0.007 -0.010 -0.009 -0.006 -0.009
[17,]  0.000 -0.008 -0.006  0.000 -0.009  0.000 -0.008 -0.005 -0.010 -0.005
[18,]  0.000  0.000 -0.009 -0.005 -0.009 -0.005 -0.006  0.000 -0.008 -0.005
[19,] -0.006 -0.008 -0.008 -0.009 -0.005  0.000 -0.009 -0.006 -0.006  0.000
[20,] -0.006 -0.009 -0.007 -0.006 -0.007 -0.006  0.000 -0.009 -0.006 -0.010
[21,] -0.007 -0.008 -0.010 -0.005 -0.009 -0.006 -0.009 -0.005 -0.005  0.000
[22,] -0.006 -0.010 -0.007 -0.009 -0.006 -0.010 -0.007 -0.009  0.000 -0.008
[23,] -0.005 -0.005 -0.007 -0.006 -0.008 -0.009 -0.010 -0.008  0.000  0.000
[24,] -0.006 -0.010  0.000 -0.005  0.000  0.000  0.000 -0.009 -0.007 -0.007
[25,] -0.008 -0.008 -0.009 -0.010 -0.006 -0.007 -0.007 -0.010 -0.009 -0.006
[26,]  0.000  0.000 -0.006 -0.008 -0.006 -0.009 -0.006 -0.006 -0.008 -0.007
[27,] -0.010 -0.009 -0.008 -0.006 -0.010  0.000 -0.009 -0.006  0.000 -0.009
[28,] -0.009 -0.006 -0.009 -0.006  0.000 -0.005 -0.009 -0.007 -0.008  0.000
[29,] -0.008 -0.008 -0.005 -0.010 -0.007 -0.007 -0.006  0.000 -0.006  0.000
[30,] -0.009 -0.005 -0.009  0.000 -0.009 -0.006 -0.008 -0.008 -0.008 -0.008
[31,]  0.000 -0.006 -0.008 -0.009 -0.006  0.000 -0.007 -0.005 -0.005  0.000
[32,] -0.006  0.000 -0.008 -0.006  0.000 -0.009 -0.007  0.000 -0.006 -0.007
[33,] -0.008 -0.008  0.000 -0.005 -0.006 -0.006 -0.008 -0.009  0.000 -0.006
[34,] -0.009 -0.006 -0.005  0.000 -0.009 -0.007 -0.008  0.000  0.000  0.000
[35,] -0.006  0.000 -0.006 -0.009  0.000 -0.005 -0.007 -0.007 -0.006  0.000
[36,]  0.000 -0.009 -0.006 -0.007 -0.005  0.000 -0.007 -0.007 -0.009 -0.009
[37,] -0.007 -0.007 -0.008 -0.008 -0.007 -0.007  0.000 -0.006 -0.007 -0.010
[38,] -0.005  0.000 -0.009  0.000 -0.007 -0.007 -0.006  0.000 -0.006 -0.007
[39,] -0.005 -0.006  0.000  0.000 -0.006 -0.009 -0.007 -0.006  0.000 -0.008
[40,]  0.000 -0.007 -0.006  0.000  0.000 -0.009 -0.010 -0.007 -0.008  0.000
[41,] -0.005 -0.009 -0.009 -0.007  0.000  0.000 -0.007  0.000 -0.007 -0.005
[42,]  0.000 -0.008  0.000 -0.005  0.000  0.000 -0.005  0.000  0.000 -0.005
[43,] -0.007 -0.010 -0.009 -0.007  0.000 -0.007 -0.008 -0.007 -0.006  0.000
[44,] -0.009  0.000  0.000 -0.009 -0.010 -0.006  0.000  0.000 -0.007 -0.009
[45,] -0.006 -0.007 -0.009 -0.005 -0.009 -0.009 -0.009 -0.005 -0.006 -0.010
[46,] -0.006 -0.008 -0.007  0.000 -0.008  0.000 -0.007 -0.007 -0.006 -0.006
[47,] -0.008 -0.007  0.000 -0.006 -0.008  0.000 -0.007  0.000  0.000 -0.005
[48,] -0.006 -0.008 -0.006 -0.006 -0.008 -0.008 -0.005  0.000 -0.008 -0.008
[49,] -0.010 -0.007 -0.008 -0.006 -0.007  0.000 -0.009 -0.009 -0.007 -0.010
[50,]  0.000 -0.006 -0.006 -0.007 -0.010 -0.007  0.000 -0.007 -0.009  0.000
       [,41]  [,42]  [,43]  [,44]  [,45]  [,46]  [,47]  [,48]  [,49]  [,50]
 [1,] -0.009  0.000 -0.010 -0.006 -0.007 -0.007 -0.006 -0.007 -0.009 -0.006
 [2,]  0.000  0.000 -0.009 -0.008 -0.007 -0.010 -0.005 -0.006 -0.007 -0.009
 [3,] -0.007 -0.009 -0.008 -0.007 -0.009 -0.007 -0.007 -0.009 -0.009 -0.009
 [4,] -0.005  0.000 -0.005  0.000 -0.006 -0.007 -0.009 -0.008 -0.010 -0.007
 [5,] -0.009 -0.007 -0.009 -0.009 -0.008 -0.007 -0.008  0.000 -0.009 -0.006
 [6,] -0.010 -0.008 -0.009 -0.010 -0.009  0.000  0.000 -0.006 -0.007 -0.009
 [7,] -0.009 -0.005 -0.009 -0.008 -0.005 -0.006 -0.010 -0.006 -0.005 -0.010
 [8,] -0.008 -0.009 -0.009  0.000 -0.008 -0.008 -0.006 -0.006  0.000 -0.007
 [9,] -0.006  0.000 -0.006 -0.009 -0.010 -0.007 -0.006 -0.006 -0.009 -0.009
[10,] -0.008 -0.007 -0.010  0.000 -0.009 -0.006 -0.006 -0.007 -0.006  0.000
[11,] -0.005 -0.006 -0.006 -0.008 -0.008  0.000 -0.009 -0.006  0.000 -0.007
[12,] -0.007 -0.007 -0.006 -0.006 -0.005 -0.008 -0.006 -0.010 -0.008  0.000
[13,]  0.000  0.000 -0.009 -0.007 -0.007  0.000 -0.005 -0.007 -0.007  0.000
[14,] -0.008 -0.008 -0.005 -0.008 -0.009  0.000  0.000 -0.008 -0.009  0.000
[15,]  0.000  0.000 -0.005 -0.009 -0.010 -0.010 -0.009 -0.008  0.000 -0.009
[16,] -0.007 -0.010 -0.007 -0.008 -0.005 -0.010 -0.008 -0.006  0.000  0.000
[17,] -0.008  0.000 -0.008 -0.009 -0.008 -0.007 -0.005 -0.010  0.000 -0.008
[18,] -0.006 -0.006  0.000 -0.009 -0.007 -0.007 -0.007 -0.007 -0.005 -0.009
[19,]  0.000 -0.009  0.000 -0.010  0.000 -0.009 -0.007 -0.008 -0.005  0.000
[20,] -0.008 -0.009 -0.009 -0.007  0.000  0.000 -0.006 -0.009  0.000 -0.008
[21,] -0.007 -0.008 -0.007 -0.006  0.000 -0.010 -0.009 -0.009 -0.007  0.000
[22,] -0.007  0.000  0.000  0.000 -0.008 -0.007  0.000 -0.005  0.000 -0.008
[23,]  0.000 -0.008 -0.010 -0.009 -0.008 -0.009 -0.008 -0.006 -0.010 -0.006
[24,]  0.000  0.000 -0.006 -0.010 -0.005  0.000 -0.008  0.000 -0.009 -0.008
[25,]  0.000 -0.006 -0.010 -0.009 -0.008 -0.007 -0.008 -0.009 -0.009 -0.008
[26,] -0.010 -0.006 -0.008 -0.010  0.000 -0.006  0.000 -0.008 -0.007  0.000
[27,] -0.005 -0.009 -0.010 -0.008 -0.006 -0.008 -0.007 -0.005 -0.006  0.000
[28,] -0.008  0.000 -0.007  0.000 -0.005 -0.010 -0.006  0.000 -0.006 -0.008
[29,]  0.000  0.000 -0.008 -0.009  0.000 -0.009 -0.007  0.000 -0.009 -0.008
[30,] -0.006 -0.008 -0.010 -0.007 -0.008 -0.009 -0.007 -0.009 -0.007 -0.007
[31,] -0.005  0.000 -0.007 -0.009 -0.006 -0.006 -0.008 -0.006 -0.010  0.000
[32,] -0.009 -0.008 -0.010  0.000 -0.007 -0.008 -0.007 -0.008 -0.007 -0.006
[33,] -0.009  0.000 -0.009  0.000 -0.009 -0.007  0.000 -0.006 -0.008 -0.006
[34,] -0.007 -0.005 -0.007 -0.009 -0.005  0.000 -0.006 -0.006 -0.006 -0.007
[35,]  0.000  0.000  0.000 -0.010 -0.009 -0.008 -0.008 -0.008 -0.007 -0.010
[36,]  0.000  0.000 -0.007 -0.006 -0.009  0.000  0.000 -0.008  0.000 -0.007
[37,] -0.007 -0.005 -0.008  0.000 -0.009 -0.007 -0.007 -0.005 -0.009  0.000
[38,]  0.000  0.000 -0.007  0.000 -0.005 -0.007  0.000  0.000 -0.009 -0.007
[39,] -0.007  0.000 -0.006 -0.007 -0.006 -0.006  0.000 -0.008 -0.007 -0.009
[40,] -0.005 -0.005  0.000 -0.009 -0.010 -0.006 -0.005 -0.008 -0.010  0.000
[41,]  0.000 -0.007 -0.005 -0.009 -0.007 -0.009 -0.008 -0.008 -0.008 -0.009
[42,] -0.007  0.000 -0.005 -0.008 -0.008 -0.007 -0.008 -0.006 -0.006  0.000
[43,] -0.005 -0.005  0.000  0.000  0.000  0.000 -0.005  0.000 -0.007 -0.007
[44,] -0.009 -0.008  0.000  0.000 -0.009 -0.006 -0.010 -0.009 -0.007 -0.007
[45,] -0.007 -0.008  0.000 -0.009  0.000 -0.006 -0.005 -0.009 -0.009  0.000
[46,] -0.009 -0.007  0.000 -0.006 -0.006  0.000 -0.007  0.000 -0.008 -0.008
[47,] -0.008 -0.008 -0.005 -0.010 -0.005 -0.007  0.000 -0.010 -0.005 -0.009
[48,] -0.008 -0.006  0.000 -0.009 -0.009  0.000 -0.010  0.000 -0.009  0.000
[49,] -0.008 -0.006 -0.007 -0.007 -0.009 -0.008 -0.005 -0.009  0.000 -0.009
[50,] -0.009  0.000 -0.007 -0.007  0.000 -0.008 -0.009  0.000 -0.009  0.000
[1] "The mean effective sample size is"
[1] 83924
[1] "The mean effective sample size without burnin is"
[1] 41795.17
