[1] "Convergence check with the Rubin-Gelman diagnostic"
[1] "All chains converged."
[1] "Convergence check with the acf diagnostic"
[1] "All chains converged."
[1] "This is the mean correlation matrix of the chosen samples, adjusted for autocorretion"
        V1     V2     V3     V4     V5     V6     V7     V8     V9    V10
V1   1.000  0.017 -0.013 -0.005 -0.003  0.017  0.025  0.004 -0.007 -0.003
V2   0.017  1.000  0.000 -0.011 -0.002 -0.010  0.006 -0.016  0.003 -0.021
V3  -0.013  0.000  1.000 -0.012  0.005  0.006 -0.020  0.005 -0.016 -0.007
V4  -0.005 -0.011 -0.012  1.000 -0.021  0.007  0.006 -0.001 -0.004 -0.018
V5  -0.003 -0.002  0.005 -0.021  1.000 -0.016 -0.003 -0.009  0.020 -0.012
V6   0.017 -0.010  0.006  0.007 -0.016  1.000  0.008 -0.012 -0.004 -0.007
V7   0.025  0.006 -0.020  0.006 -0.003  0.008  1.000  0.011 -0.004  0.018
V8   0.004 -0.016  0.005 -0.001 -0.009 -0.012  0.011  1.000 -0.014 -0.004
V9  -0.007  0.003 -0.016 -0.004  0.020 -0.004 -0.004 -0.014  1.000  0.003
V10 -0.003 -0.021 -0.007 -0.018 -0.012 -0.007  0.018 -0.004  0.003  1.000
V11 -0.008 -0.001  0.003 -0.006  0.007 -0.014  0.023 -0.002  0.001  0.014
V12  0.014  0.008 -0.008  0.001 -0.010  0.000  0.000 -0.007 -0.009  0.017
V13  0.007 -0.011  0.003 -0.014  0.004  0.009  0.012 -0.008 -0.003 -0.017
V14  0.002 -0.009  0.005 -0.002  0.005 -0.014  0.006  0.001 -0.002 -0.001
V15 -0.004 -0.015  0.000  0.006  0.010  0.010 -0.005 -0.027 -0.026  0.015
V16  0.018  0.007  0.004 -0.004 -0.022  0.000 -0.009  0.004  0.009  0.005
V17 -0.014 -0.009  0.001  0.009  0.001 -0.016  0.004 -0.001 -0.004  0.003
V18  0.004 -0.002 -0.011  0.015  0.007  0.014 -0.037  0.000 -0.010 -0.018
V19 -0.007  0.005 -0.011  0.017 -0.010  0.005 -0.005  0.015  0.001  0.014
V20  0.004 -0.005  0.029  0.001  0.002 -0.010 -0.001 -0.018  0.003  0.007
V21  0.005  0.002 -0.013 -0.011 -0.005 -0.019 -0.003 -0.003  0.008 -0.001
V22  0.019 -0.005  0.015  0.022 -0.017  0.012 -0.013  0.007 -0.015  0.014
V23 -0.004 -0.020  0.020 -0.005 -0.001 -0.006 -0.007 -0.001  0.023 -0.013
V24  0.006  0.004  0.012 -0.002 -0.004 -0.010 -0.007 -0.009 -0.001  0.003
V25  0.002  0.006 -0.003  0.011  0.010 -0.009 -0.006  0.010  0.004  0.008
V26 -0.019 -0.003 -0.011  0.013 -0.011 -0.006 -0.011 -0.016  0.014  0.021
V27  0.002  0.012  0.007  0.003  0.016 -0.005  0.007  0.018  0.003  0.010
V28 -0.011  0.009 -0.013 -0.029  0.009 -0.005  0.006 -0.011  0.009  0.002
V29 -0.012 -0.005  0.010  0.000  0.005 -0.001 -0.020  0.012 -0.007 -0.027
V30  0.001  0.010 -0.005  0.009  0.016 -0.002  0.006 -0.012  0.013  0.012
V31  0.002  0.000  0.001 -0.002  0.011  0.009  0.002 -0.010  0.001  0.004
V32 -0.015  0.002 -0.001  0.002  0.000 -0.013 -0.003  0.002  0.000  0.000
V33 -0.003  0.002 -0.007  0.004 -0.001 -0.014  0.001  0.012 -0.003  0.007
V34 -0.012  0.015 -0.008  0.007  0.010 -0.013 -0.008 -0.027  0.000  0.004
V35 -0.011  0.013  0.009 -0.009  0.007 -0.007  0.016  0.013 -0.008 -0.006
V36 -0.012 -0.013  0.000  0.004  0.000 -0.007  0.019  0.005  0.001  0.014
V37  0.020  0.002  0.001 -0.001  0.008 -0.009 -0.013 -0.005  0.009  0.003
V38 -0.004  0.009  0.019  0.003 -0.006 -0.017  0.007 -0.007  0.009 -0.028
V39 -0.004 -0.014 -0.005  0.002  0.005  0.015  0.011 -0.005  0.017  0.016
V40 -0.012 -0.018  0.007  0.006 -0.002 -0.015  0.005  0.004  0.004 -0.001
V41  0.014 -0.002  0.011 -0.020  0.000  0.001  0.000  0.000 -0.017 -0.004
V42 -0.014 -0.013  0.006  0.009  0.001 -0.011 -0.002 -0.003 -0.005 -0.002
V43  0.009 -0.012 -0.021  0.027 -0.005  0.006 -0.005 -0.009  0.017  0.017
V44 -0.010 -0.008  0.013 -0.004 -0.012 -0.002  0.002 -0.026 -0.015  0.010
V45 -0.012 -0.004  0.018 -0.002  0.006 -0.007  0.008  0.009 -0.007 -0.001
V46  0.004  0.017 -0.007  0.015  0.000  0.002  0.004 -0.006  0.000 -0.019
V47  0.011 -0.011 -0.010  0.004  0.009 -0.007 -0.002  0.001 -0.009 -0.008
V48  0.002  0.015 -0.012  0.003  0.006 -0.032 -0.018  0.013  0.011  0.004
V49 -0.012 -0.003 -0.001 -0.014  0.001 -0.005 -0.001 -0.005  0.013  0.017
V50 -0.013 -0.010 -0.010 -0.005 -0.007  0.014  0.017 -0.004  0.011 -0.002
       V11    V12    V13    V14    V15    V16    V17    V18    V19    V20
V1  -0.008  0.014  0.007  0.002 -0.004  0.018 -0.014  0.004 -0.007  0.004
V2  -0.001  0.008 -0.011 -0.009 -0.015  0.007 -0.009 -0.002  0.005 -0.005
V3   0.003 -0.008  0.003  0.005  0.000  0.004  0.001 -0.011 -0.011  0.029
V4  -0.006  0.001 -0.014 -0.002  0.006 -0.004  0.009  0.015  0.017  0.001
V5   0.007 -0.010  0.004  0.005  0.010 -0.022  0.001  0.007 -0.010  0.002
V6  -0.014  0.000  0.009 -0.014  0.010  0.000 -0.016  0.014  0.005 -0.010
V7   0.023  0.000  0.012  0.006 -0.005 -0.009  0.004 -0.037 -0.005 -0.001
V8  -0.002 -0.007 -0.008  0.001 -0.027  0.004 -0.001  0.000  0.015 -0.018
V9   0.001 -0.009 -0.003 -0.002 -0.026  0.009 -0.004 -0.010  0.001  0.003
V10  0.014  0.017 -0.017 -0.001  0.015  0.005  0.003 -0.018  0.014  0.007
V11  1.000 -0.003 -0.011  0.006  0.030  0.005  0.012  0.004  0.014  0.003
V12 -0.003  1.000 -0.007  0.005  0.003  0.017 -0.001 -0.007 -0.014  0.022
V13 -0.011 -0.007  1.000  0.006  0.001  0.001  0.002 -0.008  0.014  0.011
V14  0.006  0.005  0.006  1.000 -0.011 -0.007  0.003  0.017 -0.015 -0.011
V15  0.030  0.003  0.001 -0.011  1.000 -0.009 -0.017 -0.008 -0.001  0.006
V16  0.005  0.017  0.001 -0.007 -0.009  1.000 -0.014 -0.006  0.021  0.013
V17  0.012 -0.001  0.002  0.003 -0.017 -0.014  1.000 -0.007  0.010 -0.002
V18  0.004 -0.007 -0.008  0.017 -0.008 -0.006 -0.007  1.000  0.010  0.013
V19  0.014 -0.014  0.014 -0.015 -0.001  0.021  0.010  0.010  1.000  0.002
V20  0.003  0.022  0.011 -0.011  0.006  0.013 -0.002  0.013  0.002  1.000
V21  0.010  0.015 -0.011 -0.009  0.007 -0.010  0.014  0.011 -0.018  0.005
V22 -0.003 -0.019 -0.013  0.011 -0.005  0.014 -0.012 -0.003  0.005 -0.008
V23 -0.023  0.014 -0.003 -0.021 -0.012  0.009 -0.007  0.015  0.002  0.017
V24 -0.005 -0.002 -0.011  0.015  0.022 -0.009  0.006 -0.007  0.010 -0.010
V25  0.000 -0.005  0.007  0.009 -0.003 -0.010 -0.001  0.002  0.005 -0.002
V26 -0.004 -0.014 -0.012 -0.002  0.000 -0.007 -0.014  0.013 -0.012  0.009
V27  0.007  0.012 -0.017  0.025  0.015  0.011 -0.001 -0.009  0.004  0.002
V28 -0.005  0.022  0.004  0.004  0.011  0.000  0.008 -0.002 -0.009 -0.008
V29 -0.013  0.004 -0.020  0.014  0.005 -0.007 -0.017 -0.004  0.001 -0.018
V30 -0.002  0.003  0.003  0.014 -0.002  0.008 -0.009  0.016  0.004  0.006
V31  0.010  0.004  0.004  0.001  0.008  0.002  0.019 -0.010 -0.009 -0.017
V32  0.011  0.005 -0.002  0.005  0.011  0.006 -0.010 -0.008 -0.009  0.009
V33 -0.022 -0.009 -0.006  0.010 -0.019 -0.002  0.008  0.002 -0.001  0.002
V34  0.020  0.013 -0.012  0.021  0.022 -0.002  0.011 -0.009  0.008 -0.002
V35  0.012  0.014  0.000  0.000  0.019  0.001  0.001  0.006 -0.004 -0.009
V36  0.018  0.008  0.010  0.005 -0.010  0.009 -0.003  0.005  0.020 -0.005
V37 -0.018 -0.011  0.008  0.001  0.016 -0.001  0.001  0.004 -0.007  0.015
V38 -0.003  0.007 -0.012  0.002  0.005  0.012 -0.006 -0.001  0.004 -0.011
V39 -0.003  0.006  0.003 -0.016  0.010 -0.021  0.006  0.010  0.004  0.002
V40  0.005  0.013 -0.006  0.004  0.006  0.015 -0.002  0.022 -0.014  0.012
V41 -0.022 -0.003  0.010 -0.006 -0.014 -0.002 -0.014  0.020 -0.009  0.007
V42 -0.002 -0.010 -0.003  0.004 -0.018 -0.002  0.007  0.012 -0.008  0.007
V43 -0.003 -0.003 -0.011  0.006 -0.021 -0.005  0.011 -0.009  0.007  0.022
V44  0.010 -0.004 -0.007 -0.001 -0.016 -0.009 -0.005 -0.008 -0.011  0.001
V45 -0.008 -0.005 -0.009  0.014  0.011  0.002 -0.006 -0.011 -0.031 -0.014
V46  0.002  0.010 -0.018 -0.006 -0.002 -0.007 -0.008 -0.007 -0.019 -0.016
V47  0.010  0.027 -0.027  0.003 -0.004 -0.005  0.007 -0.024  0.000 -0.002
V48 -0.003 -0.012 -0.004  0.011  0.011 -0.010  0.010  0.005  0.006  0.002
V49 -0.003 -0.008  0.008  0.003  0.013  0.010 -0.014 -0.019 -0.015  0.000
V50 -0.010  0.009  0.015 -0.021 -0.004 -0.008  0.004  0.006  0.000 -0.002
       V21    V22    V23    V24    V25    V26    V27    V28    V29    V30
V1   0.005  0.019 -0.004  0.006  0.002 -0.019  0.002 -0.011 -0.012  0.001
V2   0.002 -0.005 -0.020  0.004  0.006 -0.003  0.012  0.009 -0.005  0.010
V3  -0.013  0.015  0.020  0.012 -0.003 -0.011  0.007 -0.013  0.010 -0.005
V4  -0.011  0.022 -0.005 -0.002  0.011  0.013  0.003 -0.029  0.000  0.009
V5  -0.005 -0.017 -0.001 -0.004  0.010 -0.011  0.016  0.009  0.005  0.016
V6  -0.019  0.012 -0.006 -0.010 -0.009 -0.006 -0.005 -0.005 -0.001 -0.002
V7  -0.003 -0.013 -0.007 -0.007 -0.006 -0.011  0.007  0.006 -0.020  0.006
V8  -0.003  0.007 -0.001 -0.009  0.010 -0.016  0.018 -0.011  0.012 -0.012
V9   0.008 -0.015  0.023 -0.001  0.004  0.014  0.003  0.009 -0.007  0.013
V10 -0.001  0.014 -0.013  0.003  0.008  0.021  0.010  0.002 -0.027  0.012
V11  0.010 -0.003 -0.023 -0.005  0.000 -0.004  0.007 -0.005 -0.013 -0.002
V12  0.015 -0.019  0.014 -0.002 -0.005 -0.014  0.012  0.022  0.004  0.003
V13 -0.011 -0.013 -0.003 -0.011  0.007 -0.012 -0.017  0.004 -0.020  0.003
V14 -0.009  0.011 -0.021  0.015  0.009 -0.002  0.025  0.004  0.014  0.014
V15  0.007 -0.005 -0.012  0.022 -0.003  0.000  0.015  0.011  0.005 -0.002
V16 -0.010  0.014  0.009 -0.009 -0.010 -0.007  0.011  0.000 -0.007  0.008
V17  0.014 -0.012 -0.007  0.006 -0.001 -0.014 -0.001  0.008 -0.017 -0.009
V18  0.011 -0.003  0.015 -0.007  0.002  0.013 -0.009 -0.002 -0.004  0.016
V19 -0.018  0.005  0.002  0.010  0.005 -0.012  0.004 -0.009  0.001  0.004
V20  0.005 -0.008  0.017 -0.010 -0.002  0.009  0.002 -0.008 -0.018  0.006
V21  1.000  0.020 -0.014 -0.004  0.001  0.001  0.016 -0.005  0.000  0.005
V22  0.020  1.000  0.013 -0.019 -0.003  0.009  0.011 -0.006  0.011 -0.017
V23 -0.014  0.013  1.000 -0.022  0.000 -0.013  0.007 -0.005 -0.005 -0.003
V24 -0.004 -0.019 -0.022  1.000  0.011 -0.003 -0.002  0.013 -0.027 -0.006
V25  0.001 -0.003  0.000  0.011  1.000  0.026 -0.018 -0.011  0.003  0.010
V26  0.001  0.009 -0.013 -0.003  0.026  1.000  0.000 -0.021  0.000  0.006
V27  0.016  0.011  0.007 -0.002 -0.018  0.000  1.000  0.009  0.016  0.007
V28 -0.005 -0.006 -0.005  0.013 -0.011 -0.021  0.009  1.000  0.015 -0.005
V29  0.000  0.011 -0.005 -0.027  0.003  0.000  0.016  0.015  1.000 -0.021
V30  0.005 -0.017 -0.003 -0.006  0.010  0.006  0.007 -0.005 -0.021  1.000
V31 -0.005 -0.016 -0.002 -0.013 -0.003 -0.001 -0.031  0.002  0.006  0.015
V32  0.011  0.018  0.003  0.011 -0.001  0.007  0.001  0.011  0.000  0.015
V33  0.011  0.013 -0.012 -0.001 -0.015 -0.004  0.007 -0.013  0.017 -0.032
V34 -0.002 -0.008  0.000  0.010  0.012  0.015  0.008 -0.006  0.021 -0.014
V35  0.012  0.003  0.001  0.029 -0.012  0.008 -0.021  0.001 -0.002 -0.002
V36 -0.010 -0.009 -0.007  0.013 -0.005  0.013 -0.013 -0.027  0.005  0.013
V37  0.005 -0.007 -0.024  0.003  0.005  0.001  0.003  0.005  0.018 -0.016
V38 -0.005  0.018 -0.013 -0.009  0.011  0.000  0.012 -0.001  0.003 -0.004
V39  0.018  0.017 -0.022 -0.015  0.000  0.004  0.003  0.001  0.004  0.003
V40  0.004 -0.001  0.010  0.006 -0.006  0.018  0.015 -0.003  0.012 -0.016
V41  0.010  0.006  0.012  0.000 -0.003  0.006 -0.003 -0.018 -0.028  0.005
V42  0.007  0.013 -0.007 -0.010 -0.014 -0.016  0.004 -0.001 -0.017 -0.013
V43 -0.010  0.003 -0.016 -0.003 -0.004  0.005 -0.004  0.024 -0.007  0.012
V44 -0.009  0.003  0.011  0.018  0.001 -0.023 -0.027 -0.008 -0.004  0.007
V45 -0.001 -0.004 -0.003 -0.007  0.005 -0.003  0.004  0.003  0.006 -0.007
V46  0.003 -0.004 -0.011  0.007 -0.018 -0.015  0.017  0.015  0.013 -0.002
V47 -0.022 -0.004  0.020 -0.024  0.001 -0.003  0.005  0.000  0.000 -0.019
V48 -0.008 -0.020 -0.001 -0.001 -0.002  0.000  0.000  0.006  0.020  0.010
V49  0.000 -0.003 -0.004 -0.002  0.014 -0.007  0.011 -0.002  0.005 -0.003
V50  0.014 -0.004 -0.018 -0.003 -0.005  0.002  0.032  0.010 -0.007 -0.022
       V31    V32    V33    V34    V35    V36    V37    V38    V39    V40
V1   0.002 -0.015 -0.003 -0.012 -0.011 -0.012  0.020 -0.004 -0.004 -0.012
V2   0.000  0.002  0.002  0.015  0.013 -0.013  0.002  0.009 -0.014 -0.018
V3   0.001 -0.001 -0.007 -0.008  0.009  0.000  0.001  0.019 -0.005  0.007
V4  -0.002  0.002  0.004  0.007 -0.009  0.004 -0.001  0.003  0.002  0.006
V5   0.011  0.000 -0.001  0.010  0.007  0.000  0.008 -0.006  0.005 -0.002
V6   0.009 -0.013 -0.014 -0.013 -0.007 -0.007 -0.009 -0.017  0.015 -0.015
V7   0.002 -0.003  0.001 -0.008  0.016  0.019 -0.013  0.007  0.011  0.005
V8  -0.010  0.002  0.012 -0.027  0.013  0.005 -0.005 -0.007 -0.005  0.004
V9   0.001  0.000 -0.003  0.000 -0.008  0.001  0.009  0.009  0.017  0.004
V10  0.004  0.000  0.007  0.004 -0.006  0.014  0.003 -0.028  0.016 -0.001
V11  0.010  0.011 -0.022  0.020  0.012  0.018 -0.018 -0.003 -0.003  0.005
V12  0.004  0.005 -0.009  0.013  0.014  0.008 -0.011  0.007  0.006  0.013
V13  0.004 -0.002 -0.006 -0.012  0.000  0.010  0.008 -0.012  0.003 -0.006
V14  0.001  0.005  0.010  0.021  0.000  0.005  0.001  0.002 -0.016  0.004
V15  0.008  0.011 -0.019  0.022  0.019 -0.010  0.016  0.005  0.010  0.006
V16  0.002  0.006 -0.002 -0.002  0.001  0.009 -0.001  0.012 -0.021  0.015
V17  0.019 -0.010  0.008  0.011  0.001 -0.003  0.001 -0.006  0.006 -0.002
V18 -0.010 -0.008  0.002 -0.009  0.006  0.005  0.004 -0.001  0.010  0.022
V19 -0.009 -0.009 -0.001  0.008 -0.004  0.020 -0.007  0.004  0.004 -0.014
V20 -0.017  0.009  0.002 -0.002 -0.009 -0.005  0.015 -0.011  0.002  0.012
V21 -0.005  0.011  0.011 -0.002  0.012 -0.010  0.005 -0.005  0.018  0.004
V22 -0.016  0.018  0.013 -0.008  0.003 -0.009 -0.007  0.018  0.017 -0.001
V23 -0.002  0.003 -0.012  0.000  0.001 -0.007 -0.024 -0.013 -0.022  0.010
V24 -0.013  0.011 -0.001  0.010  0.029  0.013  0.003 -0.009 -0.015  0.006
V25 -0.003 -0.001 -0.015  0.012 -0.012 -0.005  0.005  0.011  0.000 -0.006
V26 -0.001  0.007 -0.004  0.015  0.008  0.013  0.001  0.000  0.004  0.018
V27 -0.031  0.001  0.007  0.008 -0.021 -0.013  0.003  0.012  0.003  0.015
V28  0.002  0.011 -0.013 -0.006  0.001 -0.027  0.005 -0.001  0.001 -0.003
V29  0.006  0.000  0.017  0.021 -0.002  0.005  0.018  0.003  0.004  0.012
V30  0.015  0.015 -0.032 -0.014 -0.002  0.013 -0.016 -0.004  0.003 -0.016
V31  1.000 -0.021  0.010  0.012  0.007 -0.012  0.013 -0.023 -0.010 -0.009
V32 -0.021  1.000 -0.009  0.014  0.008 -0.018 -0.002  0.010  0.015 -0.001
V33  0.010 -0.009  1.000 -0.016 -0.003  0.011  0.019  0.007 -0.013 -0.007
V34  0.012  0.014 -0.016  1.000 -0.006  0.007 -0.005  0.003  0.004  0.008
V35  0.007  0.008 -0.003 -0.006  1.000  0.000  0.012  0.013 -0.001  0.004
V36 -0.012 -0.018  0.011  0.007  0.000  1.000 -0.005 -0.006 -0.012 -0.010
V37  0.013 -0.002  0.019 -0.005  0.012 -0.005  1.000 -0.011 -0.007  0.008
V38 -0.023  0.010  0.007  0.003  0.013 -0.006 -0.011  1.000 -0.009  0.012
V39 -0.010  0.015 -0.013  0.004 -0.001 -0.012 -0.007 -0.009  1.000 -0.010
V40 -0.009 -0.001 -0.007  0.008  0.004 -0.010  0.008  0.012 -0.010  1.000
V41  0.012 -0.009  0.009 -0.010 -0.004  0.002  0.016 -0.003 -0.023 -0.007
V42  0.014  0.005  0.003 -0.004 -0.018  0.008  0.007  0.009 -0.005  0.002
V43 -0.009  0.010 -0.022 -0.003 -0.039 -0.010  0.023 -0.011  0.017  0.006
V44 -0.001  0.008  0.011  0.022  0.002 -0.006  0.014  0.012 -0.003 -0.007
V45  0.004 -0.004 -0.002  0.002 -0.011  0.016  0.004 -0.015 -0.015  0.026
V46 -0.006 -0.001 -0.018  0.007 -0.005 -0.008  0.003 -0.010  0.009  0.000
V47  0.014 -0.011  0.012 -0.004  0.005 -0.007 -0.001 -0.001 -0.010  0.014
V48  0.010  0.021 -0.001 -0.007  0.003 -0.002  0.031  0.008 -0.001  0.008
V49  0.002 -0.004  0.004 -0.013  0.012  0.010 -0.014  0.013 -0.006  0.004
V50 -0.009 -0.020  0.002  0.003 -0.006  0.000 -0.004  0.021 -0.011 -0.004
       V41    V42    V43    V44    V45    V46    V47    V48    V49    V50
V1   0.014 -0.014  0.009 -0.010 -0.012  0.004  0.011  0.002 -0.012 -0.013
V2  -0.002 -0.013 -0.012 -0.008 -0.004  0.017 -0.011  0.015 -0.003 -0.010
V3   0.011  0.006 -0.021  0.013  0.018 -0.007 -0.010 -0.012 -0.001 -0.010
V4  -0.020  0.009  0.027 -0.004 -0.002  0.015  0.004  0.003 -0.014 -0.005
V5   0.000  0.001 -0.005 -0.012  0.006  0.000  0.009  0.006  0.001 -0.007
V6   0.001 -0.011  0.006 -0.002 -0.007  0.002 -0.007 -0.032 -0.005  0.014
V7   0.000 -0.002 -0.005  0.002  0.008  0.004 -0.002 -0.018 -0.001  0.017
V8   0.000 -0.003 -0.009 -0.026  0.009 -0.006  0.001  0.013 -0.005 -0.004
V9  -0.017 -0.005  0.017 -0.015 -0.007  0.000 -0.009  0.011  0.013  0.011
V10 -0.004 -0.002  0.017  0.010 -0.001 -0.019 -0.008  0.004  0.017 -0.002
V11 -0.022 -0.002 -0.003  0.010 -0.008  0.002  0.010 -0.003 -0.003 -0.010
V12 -0.003 -0.010 -0.003 -0.004 -0.005  0.010  0.027 -0.012 -0.008  0.009
V13  0.010 -0.003 -0.011 -0.007 -0.009 -0.018 -0.027 -0.004  0.008  0.015
V14 -0.006  0.004  0.006 -0.001  0.014 -0.006  0.003  0.011  0.003 -0.021
V15 -0.014 -0.018 -0.021 -0.016  0.011 -0.002 -0.004  0.011  0.013 -0.004
V16 -0.002 -0.002 -0.005 -0.009  0.002 -0.007 -0.005 -0.010  0.010 -0.008
V17 -0.014  0.007  0.011 -0.005 -0.006 -0.008  0.007  0.010 -0.014  0.004
V18  0.020  0.012 -0.009 -0.008 -0.011 -0.007 -0.024  0.005 -0.019  0.006
V19 -0.009 -0.008  0.007 -0.011 -0.031 -0.019  0.000  0.006 -0.015  0.000
V20  0.007  0.007  0.022  0.001 -0.014 -0.016 -0.002  0.002  0.000 -0.002
V21  0.010  0.007 -0.010 -0.009 -0.001  0.003 -0.022 -0.008  0.000  0.014
V22  0.006  0.013  0.003  0.003 -0.004 -0.004 -0.004 -0.020 -0.003 -0.004
V23  0.012 -0.007 -0.016  0.011 -0.003 -0.011  0.020 -0.001 -0.004 -0.018
V24  0.000 -0.010 -0.003  0.018 -0.007  0.007 -0.024 -0.001 -0.002 -0.003
V25 -0.003 -0.014 -0.004  0.001  0.005 -0.018  0.001 -0.002  0.014 -0.005
V26  0.006 -0.016  0.005 -0.023 -0.003 -0.015 -0.003  0.000 -0.007  0.002
V27 -0.003  0.004 -0.004 -0.027  0.004  0.017  0.005  0.000  0.011  0.032
V28 -0.018 -0.001  0.024 -0.008  0.003  0.015  0.000  0.006 -0.002  0.010
V29 -0.028 -0.017 -0.007 -0.004  0.006  0.013  0.000  0.020  0.005 -0.007
V30  0.005 -0.013  0.012  0.007 -0.007 -0.002 -0.019  0.010 -0.003 -0.022
V31  0.012  0.014 -0.009 -0.001  0.004 -0.006  0.014  0.010  0.002 -0.009
V32 -0.009  0.005  0.010  0.008 -0.004 -0.001 -0.011  0.021 -0.004 -0.020
V33  0.009  0.003 -0.022  0.011 -0.002 -0.018  0.012 -0.001  0.004  0.002
V34 -0.010 -0.004 -0.003  0.022  0.002  0.007 -0.004 -0.007 -0.013  0.003
V35 -0.004 -0.018 -0.039  0.002 -0.011 -0.005  0.005  0.003  0.012 -0.006
V36  0.002  0.008 -0.010 -0.006  0.016 -0.008 -0.007 -0.002  0.010  0.000
V37  0.016  0.007  0.023  0.014  0.004  0.003 -0.001  0.031 -0.014 -0.004
V38 -0.003  0.009 -0.011  0.012 -0.015 -0.010 -0.001  0.008  0.013  0.021
V39 -0.023 -0.005  0.017 -0.003 -0.015  0.009 -0.010 -0.001 -0.006 -0.011
V40 -0.007  0.002  0.006 -0.007  0.026  0.000  0.014  0.008  0.004 -0.004
V41  1.000  0.004  0.011  0.002 -0.008 -0.014 -0.001 -0.016  0.009 -0.019
V42  0.004  1.000  0.005  0.008 -0.018 -0.001  0.010  0.015 -0.004  0.007
V43  0.011  0.005  1.000  0.008  0.015 -0.007 -0.015 -0.003  0.007 -0.004
V44  0.002  0.008  0.008  1.000  0.020 -0.009 -0.003 -0.001  0.015  0.001
V45 -0.008 -0.018  0.015  0.020  1.000 -0.012  0.006  0.001  0.004  0.007
V46 -0.014 -0.001 -0.007 -0.009 -0.012  1.000  0.006 -0.007 -0.021 -0.011
V47 -0.001  0.010 -0.015 -0.003  0.006  0.006  1.000 -0.012  0.012  0.000
V48 -0.016  0.015 -0.003 -0.001  0.001 -0.007 -0.012  1.000 -0.002  0.002
V49  0.009 -0.004  0.007  0.015  0.004 -0.021  0.012 -0.002  1.000 -0.009
V50 -0.019  0.007 -0.004  0.001  0.007 -0.011  0.000  0.002 -0.009  1.000
[1] "The counts generated in the last step look as follows:"
      [,1] [,2] [,3] [,4] [,5] [,6]
 [1,]  158  157  111  125  142  146
 [2,]  148  158  129  143  142  129
 [3,]  158  137  150  127  157  147
 [4,]  168  152  142  147  140  148
 [5,]  140  171  162  162  129  145
 [6,]  128  135  148  151  141  133
 [7,]  140  129  154  171  150  153
 [8,]  138  154  156  161  152  137
 [9,]  148  162  138  155  149  140
[10,]  143  141  152  164  148  119
[11,]  155  156  139  159  127  156
[12,]  144  139  140  163  133  126
[13,]  165  146  159  153  148  139
[14,]  125  164  153  151  132  169
[15,]  167  160  155  155  145  139
[16,]  142  149  146  150  156  139
[17,]  148  154  162  141  136  144
[18,]  175  163  152  132  135  138
[19,]  163  150  130  156  143  160
[20,]  156  123  152  135  157  137
[21,]  134  145  137  128  126  129
[22,]  156  128  134  145  139  135
[23,]  160  144  144  155  119  168
[24,]  147  138  161  135  146  149
[25,]  162  162  131  166  142  144
[26,]  137  140  143  150  147  147
[27,]  140  170  142  157  133  124
[28,]  163  154  131  142  138  159
[29,]  134  155  138  162  165  157
[30,]  145  154  176  135  155  141
[31,]  111  132  156  158  170  144
[32,]  154  160  146  124  155  126
[33,]  135  154  175  164  144  166
[34,]  129  157  151  141  161  157
[35,]  156  134  121  138  139  161
[36,]  152  140  123  147  148  164
[37,]  121  136  128  156  138  148
[38,]  137  170  153  139  164  129
[39,]  150  150  166  149  138  116
[40,]  129  133  131  154  158  171
[41,]  136  137  147  140  159  162
[42,]  141  144  144  139  158  163
[43,]  157  127  148  140  146  150
[44,]  151  138  140  148  145  139
[45,]  145  160  148  111  135  174
[46,]  159  138  158  136  178  163
[47,]  154  153  143  152  152  147
[48,]  154  139  139  154  146  156
[49,]  157  153  157  140  152  154
[50,]  148  175  136  141  135  136
[1] "The data was created with a eta of"
 [1] 5 5 5 5 5 5 5 5 5 5 5 5 5 5 5 5 5 5 5 5 5 5 5 5 5 5 5 5 5 5 5 5 5 5 5 5 5 5
[39] 5 5 5 5 5 5 5 5 5 5 5 5
[1] "The data was created with the following theta matrix:"
      [,1] [,2] [,3] [,4] [,5] [,6] [,7] [,8] [,9] [,10] [,11] [,12] [,13]
 [1,]    0    0    0    0    0    0    0    0    0     0     0     0     0
 [2,]    0    0    0    0    0    0    0    0    0     0     0     0     0
 [3,]    0    0    0    0    0    0    0    0    0     0     0     0     0
 [4,]    0    0    0    0    0    0    0    0    0     0     0     0     0
 [5,]    0    0    0    0    0    0    0    0    0     0     0     0     0
 [6,]    0    0    0    0    0    0    0    0    0     0     0     0     0
 [7,]    0    0    0    0    0    0    0    0    0     0     0     0     0
 [8,]    0    0    0    0    0    0    0    0    0     0     0     0     0
 [9,]    0    0    0    0    0    0    0    0    0     0     0     0     0
[10,]    0    0    0    0    0    0    0    0    0     0     0     0     0
[11,]    0    0    0    0    0    0    0    0    0     0     0     0     0
[12,]    0    0    0    0    0    0    0    0    0     0     0     0     0
[13,]    0    0    0    0    0    0    0    0    0     0     0     0     0
[14,]    0    0    0    0    0    0    0    0    0     0     0     0     0
[15,]    0    0    0    0    0    0    0    0    0     0     0     0     0
[16,]    0    0    0    0    0    0    0    0    0     0     0     0     0
[17,]    0    0    0    0    0    0    0    0    0     0     0     0     0
[18,]    0    0    0    0    0    0    0    0    0     0     0     0     0
[19,]    0    0    0    0    0    0    0    0    0     0     0     0     0
[20,]    0    0    0    0    0    0    0    0    0     0     0     0     0
[21,]    0    0    0    0    0    0    0    0    0     0     0     0     0
[22,]    0    0    0    0    0    0    0    0    0     0     0     0     0
[23,]    0    0    0    0    0    0    0    0    0     0     0     0     0
[24,]    0    0    0    0    0    0    0    0    0     0     0     0     0
[25,]    0    0    0    0    0    0    0    0    0     0     0     0     0
[26,]    0    0    0    0    0    0    0    0    0     0     0     0     0
[27,]    0    0    0    0    0    0    0    0    0     0     0     0     0
[28,]    0    0    0    0    0    0    0    0    0     0     0     0     0
[29,]    0    0    0    0    0    0    0    0    0     0     0     0     0
[30,]    0    0    0    0    0    0    0    0    0     0     0     0     0
[31,]    0    0    0    0    0    0    0    0    0     0     0     0     0
[32,]    0    0    0    0    0    0    0    0    0     0     0     0     0
[33,]    0    0    0    0    0    0    0    0    0     0     0     0     0
[34,]    0    0    0    0    0    0    0    0    0     0     0     0     0
[35,]    0    0    0    0    0    0    0    0    0     0     0     0     0
[36,]    0    0    0    0    0    0    0    0    0     0     0     0     0
[37,]    0    0    0    0    0    0    0    0    0     0     0     0     0
[38,]    0    0    0    0    0    0    0    0    0     0     0     0     0
[39,]    0    0    0    0    0    0    0    0    0     0     0     0     0
[40,]    0    0    0    0    0    0    0    0    0     0     0     0     0
[41,]    0    0    0    0    0    0    0    0    0     0     0     0     0
[42,]    0    0    0    0    0    0    0    0    0     0     0     0     0
[43,]    0    0    0    0    0    0    0    0    0     0     0     0     0
[44,]    0    0    0    0    0    0    0    0    0     0     0     0     0
[45,]    0    0    0    0    0    0    0    0    0     0     0     0     0
[46,]    0    0    0    0    0    0    0    0    0     0     0     0     0
[47,]    0    0    0    0    0    0    0    0    0     0     0     0     0
[48,]    0    0    0    0    0    0    0    0    0     0     0     0     0
[49,]    0    0    0    0    0    0    0    0    0     0     0     0     0
[50,]    0    0    0    0    0    0    0    0    0     0     0     0     0
      [,14] [,15] [,16] [,17] [,18] [,19] [,20] [,21] [,22] [,23] [,24] [,25]
 [1,]     0     0     0     0     0     0     0     0     0     0     0     0
 [2,]     0     0     0     0     0     0     0     0     0     0     0     0
 [3,]     0     0     0     0     0     0     0     0     0     0     0     0
 [4,]     0     0     0     0     0     0     0     0     0     0     0     0
 [5,]     0     0     0     0     0     0     0     0     0     0     0     0
 [6,]     0     0     0     0     0     0     0     0     0     0     0     0
 [7,]     0     0     0     0     0     0     0     0     0     0     0     0
 [8,]     0     0     0     0     0     0     0     0     0     0     0     0
 [9,]     0     0     0     0     0     0     0     0     0     0     0     0
[10,]     0     0     0     0     0     0     0     0     0     0     0     0
[11,]     0     0     0     0     0     0     0     0     0     0     0     0
[12,]     0     0     0     0     0     0     0     0     0     0     0     0
[13,]     0     0     0     0     0     0     0     0     0     0     0     0
[14,]     0     0     0     0     0     0     0     0     0     0     0     0
[15,]     0     0     0     0     0     0     0     0     0     0     0     0
[16,]     0     0     0     0     0     0     0     0     0     0     0     0
[17,]     0     0     0     0     0     0     0     0     0     0     0     0
[18,]     0     0     0     0     0     0     0     0     0     0     0     0
[19,]     0     0     0     0     0     0     0     0     0     0     0     0
[20,]     0     0     0     0     0     0     0     0     0     0     0     0
[21,]     0     0     0     0     0     0     0     0     0     0     0     0
[22,]     0     0     0     0     0     0     0     0     0     0     0     0
[23,]     0     0     0     0     0     0     0     0     0     0     0     0
[24,]     0     0     0     0     0     0     0     0     0     0     0     0
[25,]     0     0     0     0     0     0     0     0     0     0     0     0
[26,]     0     0     0     0     0     0     0     0     0     0     0     0
[27,]     0     0     0     0     0     0     0     0     0     0     0     0
[28,]     0     0     0     0     0     0     0     0     0     0     0     0
[29,]     0     0     0     0     0     0     0     0     0     0     0     0
[30,]     0     0     0     0     0     0     0     0     0     0     0     0
[31,]     0     0     0     0     0     0     0     0     0     0     0     0
[32,]     0     0     0     0     0     0     0     0     0     0     0     0
[33,]     0     0     0     0     0     0     0     0     0     0     0     0
[34,]     0     0     0     0     0     0     0     0     0     0     0     0
[35,]     0     0     0     0     0     0     0     0     0     0     0     0
[36,]     0     0     0     0     0     0     0     0     0     0     0     0
[37,]     0     0     0     0     0     0     0     0     0     0     0     0
[38,]     0     0     0     0     0     0     0     0     0     0     0     0
[39,]     0     0     0     0     0     0     0     0     0     0     0     0
[40,]     0     0     0     0     0     0     0     0     0     0     0     0
[41,]     0     0     0     0     0     0     0     0     0     0     0     0
[42,]     0     0     0     0     0     0     0     0     0     0     0     0
[43,]     0     0     0     0     0     0     0     0     0     0     0     0
[44,]     0     0     0     0     0     0     0     0     0     0     0     0
[45,]     0     0     0     0     0     0     0     0     0     0     0     0
[46,]     0     0     0     0     0     0     0     0     0     0     0     0
[47,]     0     0     0     0     0     0     0     0     0     0     0     0
[48,]     0     0     0     0     0     0     0     0     0     0     0     0
[49,]     0     0     0     0     0     0     0     0     0     0     0     0
[50,]     0     0     0     0     0     0     0     0     0     0     0     0
      [,26] [,27] [,28] [,29] [,30] [,31] [,32] [,33] [,34] [,35] [,36] [,37]
 [1,]     0     0     0     0     0     0     0     0     0     0     0     0
 [2,]     0     0     0     0     0     0     0     0     0     0     0     0
 [3,]     0     0     0     0     0     0     0     0     0     0     0     0
 [4,]     0     0     0     0     0     0     0     0     0     0     0     0
 [5,]     0     0     0     0     0     0     0     0     0     0     0     0
 [6,]     0     0     0     0     0     0     0     0     0     0     0     0
 [7,]     0     0     0     0     0     0     0     0     0     0     0     0
 [8,]     0     0     0     0     0     0     0     0     0     0     0     0
 [9,]     0     0     0     0     0     0     0     0     0     0     0     0
[10,]     0     0     0     0     0     0     0     0     0     0     0     0
[11,]     0     0     0     0     0     0     0     0     0     0     0     0
[12,]     0     0     0     0     0     0     0     0     0     0     0     0
[13,]     0     0     0     0     0     0     0     0     0     0     0     0
[14,]     0     0     0     0     0     0     0     0     0     0     0     0
[15,]     0     0     0     0     0     0     0     0     0     0     0     0
[16,]     0     0     0     0     0     0     0     0     0     0     0     0
[17,]     0     0     0     0     0     0     0     0     0     0     0     0
[18,]     0     0     0     0     0     0     0     0     0     0     0     0
[19,]     0     0     0     0     0     0     0     0     0     0     0     0
[20,]     0     0     0     0     0     0     0     0     0     0     0     0
[21,]     0     0     0     0     0     0     0     0     0     0     0     0
[22,]     0     0     0     0     0     0     0     0     0     0     0     0
[23,]     0     0     0     0     0     0     0     0     0     0     0     0
[24,]     0     0     0     0     0     0     0     0     0     0     0     0
[25,]     0     0     0     0     0     0     0     0     0     0     0     0
[26,]     0     0     0     0     0     0     0     0     0     0     0     0
[27,]     0     0     0     0     0     0     0     0     0     0     0     0
[28,]     0     0     0     0     0     0     0     0     0     0     0     0
[29,]     0     0     0     0     0     0     0     0     0     0     0     0
[30,]     0     0     0     0     0     0     0     0     0     0     0     0
[31,]     0     0     0     0     0     0     0     0     0     0     0     0
[32,]     0     0     0     0     0     0     0     0     0     0     0     0
[33,]     0     0     0     0     0     0     0     0     0     0     0     0
[34,]     0     0     0     0     0     0     0     0     0     0     0     0
[35,]     0     0     0     0     0     0     0     0     0     0     0     0
[36,]     0     0     0     0     0     0     0     0     0     0     0     0
[37,]     0     0     0     0     0     0     0     0     0     0     0     0
[38,]     0     0     0     0     0     0     0     0     0     0     0     0
[39,]     0     0     0     0     0     0     0     0     0     0     0     0
[40,]     0     0     0     0     0     0     0     0     0     0     0     0
[41,]     0     0     0     0     0     0     0     0     0     0     0     0
[42,]     0     0     0     0     0     0     0     0     0     0     0     0
[43,]     0     0     0     0     0     0     0     0     0     0     0     0
[44,]     0     0     0     0     0     0     0     0     0     0     0     0
[45,]     0     0     0     0     0     0     0     0     0     0     0     0
[46,]     0     0     0     0     0     0     0     0     0     0     0     0
[47,]     0     0     0     0     0     0     0     0     0     0     0     0
[48,]     0     0     0     0     0     0     0     0     0     0     0     0
[49,]     0     0     0     0     0     0     0     0     0     0     0     0
[50,]     0     0     0     0     0     0     0     0     0     0     0     0
      [,38] [,39] [,40] [,41] [,42] [,43] [,44] [,45] [,46] [,47] [,48] [,49]
 [1,]     0     0     0     0     0     0     0     0     0     0     0     0
 [2,]     0     0     0     0     0     0     0     0     0     0     0     0
 [3,]     0     0     0     0     0     0     0     0     0     0     0     0
 [4,]     0     0     0     0     0     0     0     0     0     0     0     0
 [5,]     0     0     0     0     0     0     0     0     0     0     0     0
 [6,]     0     0     0     0     0     0     0     0     0     0     0     0
 [7,]     0     0     0     0     0     0     0     0     0     0     0     0
 [8,]     0     0     0     0     0     0     0     0     0     0     0     0
 [9,]     0     0     0     0     0     0     0     0     0     0     0     0
[10,]     0     0     0     0     0     0     0     0     0     0     0     0
[11,]     0     0     0     0     0     0     0     0     0     0     0     0
[12,]     0     0     0     0     0     0     0     0     0     0     0     0
[13,]     0     0     0     0     0     0     0     0     0     0     0     0
[14,]     0     0     0     0     0     0     0     0     0     0     0     0
[15,]     0     0     0     0     0     0     0     0     0     0     0     0
[16,]     0     0     0     0     0     0     0     0     0     0     0     0
[17,]     0     0     0     0     0     0     0     0     0     0     0     0
[18,]     0     0     0     0     0     0     0     0     0     0     0     0
[19,]     0     0     0     0     0     0     0     0     0     0     0     0
[20,]     0     0     0     0     0     0     0     0     0     0     0     0
[21,]     0     0     0     0     0     0     0     0     0     0     0     0
[22,]     0     0     0     0     0     0     0     0     0     0     0     0
[23,]     0     0     0     0     0     0     0     0     0     0     0     0
[24,]     0     0     0     0     0     0     0     0     0     0     0     0
[25,]     0     0     0     0     0     0     0     0     0     0     0     0
[26,]     0     0     0     0     0     0     0     0     0     0     0     0
[27,]     0     0     0     0     0     0     0     0     0     0     0     0
[28,]     0     0     0     0     0     0     0     0     0     0     0     0
[29,]     0     0     0     0     0     0     0     0     0     0     0     0
[30,]     0     0     0     0     0     0     0     0     0     0     0     0
[31,]     0     0     0     0     0     0     0     0     0     0     0     0
[32,]     0     0     0     0     0     0     0     0     0     0     0     0
[33,]     0     0     0     0     0     0     0     0     0     0     0     0
[34,]     0     0     0     0     0     0     0     0     0     0     0     0
[35,]     0     0     0     0     0     0     0     0     0     0     0     0
[36,]     0     0     0     0     0     0     0     0     0     0     0     0
[37,]     0     0     0     0     0     0     0     0     0     0     0     0
[38,]     0     0     0     0     0     0     0     0     0     0     0     0
[39,]     0     0     0     0     0     0     0     0     0     0     0     0
[40,]     0     0     0     0     0     0     0     0     0     0     0     0
[41,]     0     0     0     0     0     0     0     0     0     0     0     0
[42,]     0     0     0     0     0     0     0     0     0     0     0     0
[43,]     0     0     0     0     0     0     0     0     0     0     0     0
[44,]     0     0     0     0     0     0     0     0     0     0     0     0
[45,]     0     0     0     0     0     0     0     0     0     0     0     0
[46,]     0     0     0     0     0     0     0     0     0     0     0     0
[47,]     0     0     0     0     0     0     0     0     0     0     0     0
[48,]     0     0     0     0     0     0     0     0     0     0     0     0
[49,]     0     0     0     0     0     0     0     0     0     0     0     0
[50,]     0     0     0     0     0     0     0     0     0     0     0     0
      [,50]
 [1,]     0
 [2,]     0
 [3,]     0
 [4,]     0
 [5,]     0
 [6,]     0
 [7,]     0
 [8,]     0
 [9,]     0
[10,]     0
[11,]     0
[12,]     0
[13,]     0
[14,]     0
[15,]     0
[16,]     0
[17,]     0
[18,]     0
[19,]     0
[20,]     0
[21,]     0
[22,]     0
[23,]     0
[24,]     0
[25,]     0
[26,]     0
[27,]     0
[28,]     0
[29,]     0
[30,]     0
[31,]     0
[32,]     0
[33,]     0
[34,]     0
[35,]     0
[36,]     0
[37,]     0
[38,]     0
[39,]     0
[40,]     0
[41,]     0
[42,]     0
[43,]     0
[44,]     0
[45,]     0
[46,]     0
[47,]     0
[48,]     0
[49,]     0
[50,]     0
[1] "The mean effective sample size is"
[1] 100098.4
[1] "The mean effective sample size without burnin is"
[1] 50048.73
